2014 1 1.500   11936 BGD    0  270    0  210 0.764 251.7 225.0 -16.0  49.0
2014 1 1.500   11938 B      0   59    0   30 0.162 198.4 178.0 -12.0   3.0
2014 1 1.500   11940 BG     0   41    0   40 0.857 257.9 235.0 -12.0  59.0
2014 1 1.500   11941 BG     0   65    0   40 0.571 253.4 210.0 -12.0  34.0
2014 1 1.500   11942 B      0   25    0   20 0.772  74.3 126.0  10.0 -49.0
2014 1 1.500   11943 B      0   21    0   20 0.839 101.1 118.0 -11.0 -57.0
2014 1 1.500   11944 B      0  131    0  250 0.965  96.4 101.0  -7.0 -75.0
2014 1 2.500   11936 BG     0  148    0  160 0.885 252.5 225.0 -17.0  62.0
2014 1 2.500   11938 B      0   56    0   30 0.327 234.9 179.0 -14.0  16.0
2014 1 2.500   11940 B      0   41    0   70 0.955 258.4 236.0 -12.0  73.0
2014 1 2.500   11941 B      0   39    0   30 0.748 255.5 211.0 -13.0  48.0
2014 1 2.500   11942 B      0   46    0   30 0.632  69.8 126.0  10.0 -37.0
2014 1 2.500   11943 B      0   28    0   20 0.710 102.3 118.0 -11.0 -45.0
2014 1 2.500   11944 BG     0  935    0 1060 0.897  97.3  99.0  -8.0 -64.0
2014 1 2.500   11945 B      0   18    0   10 0.399  49.2 145.0  12.0 -18.0
2014 1 3.500   11936 BG     0   58    0  110 0.964 254.3 225.0 -16.0  75.0
2014 1 3.500   11937 BG     0   40    0   30 0.735 256.8 197.0 -12.0  47.0
2014 1 3.500   11938 B      0   16    0   10 0.535 249.0 181.0 -14.0  31.0
2014 1 3.500   11940 B      0   13    0   70 0.995 258.3 235.0 -12.0  85.0
2014 1 3.500   11941 B      0   19    0   20 0.875 257.0 211.0 -13.0  61.0
2014 1 3.500   11942 B      0   53    0   30 0.447  59.5 127.0  10.0 -23.0
2014 1 3.500   11943 B      0   17    0   10 0.514 107.8 120.0 -12.0 -30.0
2014 1 3.500   11944 BG     0 1542    0 1280 0.798  98.7  97.0  -9.0 -53.0
2014 1 3.500   11945 B      0   19    0   10 0.258  15.4 146.0  11.0  -4.0
2014 1 4.500   11936 A      0    1    0   60 1.000 255.0 227.0 -15.0  90.0
2014 1 4.500   11937 BG     0   84    0   80 0.848 258.0 195.0 -12.0  58.0
2014 1 4.500   11938 A      0   13    0   10 0.715 253.8 182.0 -14.0  45.0
2014 1 4.500   11941 A      0    8    0   20 0.976 257.5 215.0 -13.0  78.0
2014 1 4.500   11942 A      0   57    0   30 0.270  30.5 129.0  10.0  -8.0
2014 1 4.500   11943 A      0   37    0   20 0.316 114.9 120.0 -11.0 -17.0
2014 1 4.500   11944 BGD    0 2314    0 1470 0.616  98.5  99.0  -8.0 -38.0
2014 1 4.500   11945 A      0   18    0   10 0.322 320.7 149.0  11.0  12.0
2014 1 4.500   11946 B      0   14    0   10 0.690  68.5  96.0  12.0 -41.0
2014 1 5.500   11937 BG     0  105    0  160 0.944 257.5 195.0 -13.0  71.0
2014 1 5.500   11938 B      0   10    0   10 0.858 255.8 183.0 -14.0  59.0
2014 1 5.500   11942 A      0   38    0   20 0.257 336.4 130.0  10.0   6.0
2014 1 5.500   11943 B      0   59    0   30 0.176 137.1 117.0 -11.0  -7.0
2014 1 5.500   11944 BGD    0 2673    0 1480 0.429 103.4  99.0  -9.0 -25.0
2014 1 5.500   11945 A      0   17    0   10 0.483 300.7 149.0  11.0  25.0
2014 1 5.500   11946 B      0  145    0   80 0.414  58.8 103.0   9.0 -21.0
2014 1 6.500   11937 BG     0   31    0  160 0.995 257.3 195.0 -13.0  85.0
2014 1 6.500   11938 A      0    5    0   10 0.954 256.5 183.0 -14.0  73.0
2014 1 6.500   11942 B      0   36    0   20 0.410 304.7 130.0  10.0  20.0
2014 1 6.500   11943 A      0   19    0   10 0.174 223.3 117.0 -11.0   7.0
2014 1 6.500   11944 BGD    0 2766    0 1415 0.210 116.3  99.0  -9.0 -11.0
2014 1 6.500   11945 A      0   14    0   10 0.663 291.2 149.0  11.0  39.0
2014 1 6.500   11946 BG     0  271    0  140 0.251  28.7 103.0   9.0  -7.0
2014 1 6.500   11947 B      0   19    0   30 0.947 283.0 180.0  11.0  70.0
2014 1 6.500   11948 A      0   45    0   60 0.925  81.9  43.0   6.0 -67.0
2014 1 7.500   11938 A      0    1    0   10 0.998 256.2 184.0 -14.0  87.0
2014 1 7.500   11942 A      0   16    0   10 0.596 292.5 131.0  10.0  34.0
2014 1 7.500   11944 BGD    0 3063    0 1540 0.104 209.9 100.0  -9.0   3.0
2014 1 7.500   11946 BG     0  406    0  210 0.252 331.5 104.0   9.0   7.0
2014 1 7.500   11947 B      0    3    0   20 0.996 281.4 181.0  11.0  84.0
2014 1 7.500   11948 A      0   70    0   60 0.807  79.7  44.0   6.0 -53.0
2014 1 8.500   11944 BGD    0 2973    0 1560 0.303 252.5 101.0  -9.0  17.0
2014 1 8.500   11946 BG     0  527    0  290 0.417 301.8 105.0   9.0  21.0
2014 1 8.500   11948 A      0   91    0   60 0.645  75.9  45.0   6.0 -39.0
2014 1 8.500   11949 A      0   55    0   80 0.938 104.5  14.0 -15.0 -70.0
2014 1 9.500   11944 BGD    0 2501    0 1420 0.473 258.5  98.0  -9.0  28.0
2014 1 9.500   11946 BG     0  496    0  300 0.561 290.7 102.0   8.0  32.0
2014 1 9.500   11948 A      0  160    0   90 0.453  68.2  44.0   6.0 -25.0
2014 1 9.500   11949 A      0  167    0  150 0.830 105.4  14.0 -15.0 -56.0
2014 110.500   11944 BGD    0 1902    0 1300 0.682 261.3 100.0  -9.0  43.0
2014 110.500   11946 BG     0  471    0  350 0.740 286.2 103.0   9.0  46.0
2014 110.500   11948 A      0  172    0   90 0.284  52.0  44.0   6.0 -13.0
2014 110.500   11949 A      0  259    0  180 0.693 108.9  15.0 -16.0 -43.0
2014 110.500   11950 B      0   48    0   30 0.598  55.9  26.0  16.0 -31.0
2014 110.500   11951 B      0   38    0   20 0.255 127.4  46.0 -13.0 -12.0
2014 111.500   11944 BGD    0 1534    0 1300 0.807 260.7  99.0 -10.0  54.0
2014 111.500   11946 BG     0  192    0  190 0.862 284.2 101.0  10.0  58.0
2014 111.500   11948 A      0  157    0   80 0.182 349.0  45.0   6.0   2.0
2014 111.500   11949 A      0  238    0  140 0.521 112.1  15.0 -15.0 -30.0
2014 111.500   11950 B      0   53    0   30 0.454  40.9  27.0  16.0 -18.0
2014 111.500   11951 B      0   39    0   20 0.139 194.2  45.0 -12.0   2.0
2014 111.500   11952 A      0   20    0   40 0.966 123.0 330.0 -33.0 -75.0
2014 112.500   11944 BG     0  795    0 1090 0.931 261.0  99.0 -10.0  69.0
2014 112.500   11946 B      0   50    0   90 0.961 279.6 103.0   8.0  73.0
2014 112.500   11948 A      0  186    0  100 0.358 306.1  47.0   8.0  17.0
2014 112.500   11949 A      0  337    0  180 0.348 126.1  13.0 -16.0 -17.0
2014 112.500   11950 B      0   18    0   10 0.366   5.2  28.0  17.0  -2.0
2014 112.500   11951 A      0   19    0   10 0.272 240.3  44.0 -12.0  14.0
2014 112.500   11952 B      0  102    0  110 0.884 122.9 331.0 -31.0 -60.0
2014 112.500   11953 B      0   58    0   30 0.236 176.0  29.0 -18.0  -1.0
2014 113.500   11944 BG     0  221    0  830 0.991 260.5 101.0 -10.0  83.0
2014 113.500   11946 B      0    7    0   90 0.999 278.2 105.0   8.0  87.0
2014 113.500   11948 A      0  150    0   90 0.550 291.9  49.0   8.0  31.0
2014 113.500   11949 A      0  313    0  160 0.206 165.9  15.0 -16.0  -3.0
2014 113.500   11952 B      0  152    0  120 0.773 127.1 332.0 -31.0 -46.0
2014 113.500   11953 B      0  113    0   60 0.318 222.2  31.0 -18.0  13.0
2014 114.500   11944 B      0   14    0  140 0.999 258.2  93.0 -12.0  88.0
2014 114.500   11948 A      0  103    0   70 0.673 284.1  46.0   6.0  41.0
2014 114.500   11949 A      0  213    0  110 0.240 213.9  13.0 -16.0   8.0
2014 114.500   11950 B      0   17    0   10 0.520 314.1  28.0  17.0  23.0
2014 114.500   11952 B      0  103    0   70 0.672 132.9 329.0 -31.0 -35.0
2014 114.500   11953 B      0  124    0   70 0.461 241.2  29.0 -17.0  25.0
2014 114.500   11954 B      0   19    0   10 0.201 355.1   5.0   7.0   1.0
2014 115.500   11948 A      0  115    0  100 0.817 279.5  45.0   5.0  54.0
2014 115.500   11949 A      0  272    0  150 0.420 238.5  13.0 -17.0  22.0
2014 115.500   11950 B      0   14    0   10 0.670 300.2  28.0  16.0  37.0
2014 115.500   11952 B      0  175    0  110 0.605 140.5 326.0 -32.0 -27.0
2014 115.500   11953 B      0  106    0   70 0.648 247.5  30.0 -18.0  39.0
2014 115.500   11954 A      0   18    0   10 0.325 307.8   6.0   7.0  15.0
2014 116.500   11948 A      0   36    0   50 0.931 277.3  46.0   5.0  68.0
2014 116.500   11949 A      0  179    0  110 0.580 247.1  12.0 -17.0  34.0
2014 116.500   11950 A      0   11    0   10 0.815 293.5  29.0  16.0  51.0
2014 116.500   11952 B      0  105    0   60 0.484 156.5 325.0 -31.0 -13.0
2014 116.500   11953 B      0   35    0   30 0.802 252.3  31.0 -17.0  53.0
2014 116.500   11955 A      0   82    0   70 0.809 103.9 283.0 -14.0 -54.0
2014 117.500   11948 A      0   11    0   40 0.989 276.8  46.0   6.0  81.0
2014 117.500   11949 A      0  137    0  100 0.727 251.1  11.0 -17.0  46.0
2014 117.500   11952 B      0  105    0   60 0.472 181.8 326.0 -33.0   1.0
2014 117.500   11953 B      0   32    0   40 0.911 253.5  32.0 -17.0  66.0
2014 117.500   11955 A      0  103    0   70 0.676 106.9 282.0 -15.0 -42.0
2014 117.500   11956 A      0   15    0   10 0.612 108.3 289.0 -15.0 -37.0
2014 117.500   11957 B      0   38    0   30 0.773  70.1 277.0  12.0 -48.0
2014 117.500   11958 A      0    4    0   10 0.973  96.0 249.0  -7.0 -77.0
2014 118.500   11949 A      0   78    0   80 0.872 255.6  12.0 -15.0  61.0
2014 118.500   11952 A      0   85    0   50 0.514 207.1 328.0 -32.0  16.0
2014 118.500   11953 B      0   12    0   30 0.978 253.6  30.0 -17.0  79.0
2014 118.500   11954 A      0   11    0   10 0.803 283.8   8.0   8.0  52.0
2014 118.500   11955 A      0   96    0   60 0.596 106.9 279.0 -14.0 -36.0
2014 118.500   11957 B      0   46    0   30 0.638  64.4 275.0  12.0 -36.0
2014 118.500   11958 A      0   27    0   30 0.888  96.5 248.0  -8.0 -63.0
2014 118.500   11959 B      0   52    0   70 0.927 115.0 243.0 -25.0 -68.0
2014 118.500   11960 A      0   66    0  140 0.971 103.2 235.0 -14.0 -77.0
2014 119.500   11949 A      0   54    0   90 0.953 254.8  11.0 -16.0  73.0
2014 119.500   11952 A      0   78    0   50 0.619 221.6 327.0 -32.0  29.0
2014 119.500   11955 A      0  109    0   60 0.412 113.2 276.0 -14.0 -23.0
2014 119.500   11957 B      0   53    0   30 0.453  50.6 277.0  12.0 -21.0
2014 119.500   11958 A      0   51    0   40 0.763  96.2 248.0  -8.0 -50.0
2014 119.500   11959 B      0  113    0  110 0.855 115.1 240.0 -24.0 -58.0
2014 119.500   11960 A      0  142    0  150 0.880 103.2 236.0 -14.0 -62.0
2014 120.500   11949 A      0    4    0   20 0.992 255.5   9.0 -15.0  84.0
2014 120.500   11952 A      0   40    0   30 0.738 230.3 327.0 -32.0  42.0
2014 120.500   11955 A      0   78    0   40 0.217 135.6 276.0 -14.0  -9.0
2014 120.500   11957 B      0   56    0   30 0.317  22.1 277.0  12.0  -7.0
2014 120.500   11958 B      0   81    0   50 0.585  94.8 249.0  -7.0 -36.0
2014 120.500   11959 BG     0  249    0  190 0.754 117.6 238.0 -24.0 -47.0
2014 120.500   11960 A      0  261    0  200 0.756 105.4 236.0 -15.0 -49.0
2014 120.500   11961 B      0   66    0   40 0.563 256.2 320.0 -12.0  34.0
2014 120.500   11962 B      0   33    0   20 0.533 172.5 280.0 -37.0  -5.0
2014 121.500   11952 A      0   56    0   50 0.823 234.3 325.0 -32.0  52.0
2014 121.500   11955 A      0   98    0   50 0.167 203.9 277.0 -14.0   4.0
2014 121.500   11957 BG     0  114    0   60 0.297 339.8 278.0  11.0   6.0
2014 121.500   11958 B      0   92    0   50 0.375  98.4 249.0  -8.0 -22.0
2014 121.500   11959 BG     0  352    0  220 0.600 124.0 239.0 -24.0 -33.0
2014 121.500   11960 A      0  416    0  260 0.598 108.2 236.0 -15.0 -36.0
2014 121.500   11961 B      0   80    0   60 0.742 258.5 321.0 -12.0  48.0
2014 121.500   11963 B      0   67    0   60 0.826  93.7 216.0  -6.0 -56.0
2014 121.500   11964 B      0   12    0   10 0.786 102.4 220.0 -13.0 -52.0
2014 122.500   11952 A      0   23    0   30 0.919 238.5 325.0 -31.0  66.0
2014 122.500   11955 B      0   75    0   40 0.316 244.2 277.0 -13.0  17.0
2014 122.500   11957 BG     0  163    0   90 0.422 310.8 278.0  11.0  19.0
2014 122.500   11958 A      0   59    0   30 0.162 107.1 250.0  -8.0  -9.0
2014 122.500   11959 BG     0  215    0  120 0.441 134.4 238.0 -23.0 -20.0
2014 122.500   11960 A      0  494    0  270 0.402 115.8 238.0 -15.0 -22.0
2014 122.500   11961 B      0   47    0   50 0.879 260.4 321.0 -11.0  62.0
2014 122.500   11963 B      0   14    0   10 0.692  93.1 214.0  -6.0 -44.0
2014 122.500   11964 A      0   15    0   10 0.645 103.9 219.0 -13.0 -40.0
2014 122.500   11965 A      0   20    0   20 0.855 104.3 199.0 -15.0 -59.0
2014 123.500   11952 A      0   12    0   30 0.978 237.4 326.0 -33.0  79.0
2014 123.500   11955 B      0   34    0   20 0.525 252.0 278.0 -14.0  31.0
2014 123.500   11957 BG     0  129    0   80 0.585 297.3 279.0  11.0  32.0
2014 123.500   11958 A      0   19    0   10 0.098 242.2 252.0  -8.0   5.0
2014 123.500   11959 BG     0  299    0  160 0.350 155.9 238.0 -24.0  -9.0
2014 123.500   11960 A      0  387    0  200 0.249 138.0 237.0 -16.0 -10.0
2014 123.500   11961 B      0   15    0   30 0.967 260.0 323.0 -11.0  76.0
2014 123.500   11963 A      0   16    0   10 0.557  92.7 213.0  -6.0 -34.0
2014 123.500   11965 A      0   27    0   20 0.722 105.6 201.0 -15.0 -46.0
2014 124.500   11952 A      0    2    0   30 0.999 239.1 323.0 -31.0  90.0
2014 124.500   11955 B      0   28    0   20 0.706 258.5 277.0 -12.0  45.0
2014 124.500   11957 B      0  223    0  170 0.754 291.1 278.0  12.0  46.0
2014 124.500   11958 A      0   19    0   10 0.308 264.2 250.0  -7.0  18.0
2014 124.500   11959 B      0  342    0  180 0.312 194.9 238.0 -23.0   5.0
2014 124.500   11960 B      0  432    0  220 0.189 195.4 236.0 -16.0   3.0
2014 124.500   11961 A      0    0    0   30 1.000 263.9 323.0  -6.0  91.0
2014 124.500   11963 A      0   19    0   10 0.308  95.8 214.0  -7.0 -18.0
2014 124.500   11965 A      0   16    0   10 0.532 111.5 201.0 -16.0 -31.0
2014 125.500   11955 A      0   20    0   20 0.862 258.2 280.0 -13.0  60.0
2014 125.500   11957 BG     0   63    0   70 0.890 285.4 281.0  11.0  61.0
2014 125.500   11958 B      0   17    0   10 0.513 265.7 251.0  -7.0  31.0
2014 125.500   11959 B      0  305    0  170 0.438 225.9 240.0 -23.0  20.0
2014 125.500   11960 B      0  433    0  230 0.336 236.7 237.0 -16.0  17.0
2014 125.500   11965 A      0    0    0    0 0.328 120.7 203.0 -15.0 -17.0
2014 125.500   11966 B      0   35    0   20 0.461 105.4 193.0 -12.0 -27.0
2014 126.500   11955 A      0   12    0   20 0.947 257.1 279.0 -14.0  72.0
2014 126.500   11957 B      0   14    0   30 0.972 281.8 282.0  10.0  75.0
2014 126.500   11958 B      0   14    0   10 0.704 264.3 252.0  -8.0  45.0
2014 126.500   11959 B      0  288    0  180 0.597 236.5 239.0 -24.0  33.0
2014 126.500   11960 B      0  339    0  200 0.528 250.5 238.0 -15.0  31.0
2014 126.500   11964 A      0    0    0    0 0.277 237.8 221.0 -14.0  14.0
2014 126.500   11965 A      0   19    0   10 0.170 162.7 202.0 -15.0  -3.0
2014 126.500   11966 B      0   19    0   10 0.247 117.2 194.0 -12.0 -13.0
2014 127.500   11959 B      0  205    0  150 0.730 242.2 238.0 -24.0  45.0
2014 127.500   11960 B      0  218    0  150 0.687 252.7 237.0 -16.0  43.0
2014 127.500   11965 A      0   19    0   10 0.222 229.3 203.0 -14.0  10.0
2014 127.500   11967 B      0   61    0  120 0.966 103.0 117.0 -14.0 -76.0
2014 127.500   11968 B      0   28    0   60 0.972  78.2 119.0  10.0 -75.0
2014 128.500   11959 B      0  142    0  140 0.862 244.3 239.0 -25.0  59.0
2014 128.500   11960 B      0  101    0   90 0.827 254.6 236.0 -16.0  56.0
2014 128.500   11967 BG     0  465    0  580 0.916 100.6 113.0 -12.0 -67.0
2014 128.500   11968 B      0   79    0  100 0.918  76.5 115.0  10.0 -65.0
2014 129.500   11959 A      0   49    0   90 0.961 247.7 242.0 -23.0  75.0
2014 129.500   11960 A      0   49    0   70 0.935 256.2 237.0 -15.0  70.0
2014 129.500   11965 B      0   29    0   20 0.681 257.2 210.0 -13.0  43.0
2014 129.500   11967 BGD    0 1133    0  980 0.816 103.0 111.0 -14.0 -55.0
2014 129.500   11968 B      0  235    0  210 0.828  74.9 112.0   9.0 -54.0
2014 130.500   11959 A      0    8    0   60 0.997 247.3 241.0 -23.0  88.0
2014 130.500   11960 A      0   16    0   50 0.987 255.7 235.0 -15.0  82.0
2014 130.500   11965 B      0   11    0   10 0.826 255.9 210.0 -15.0  56.0
2014 130.500   11967 BGD    0 1793    0 1190 0.657 104.5 112.0 -14.0 -41.0
2014 130.500   11968 BG     0  232    0  160 0.689  70.2 112.0   9.0 -41.0
2014 131.500   11967 BGD    0 1738    0 1000 0.494 107.8 112.0 -14.0 -29.0
2014 131.500   11968 BG     0  352    0  210 0.545  61.1 112.0  10.0 -29.0
2014 2 1.500   11967 BGD    0 2693    0 1410 0.296 114.8 112.0 -13.0 -16.0
2014 2 1.500   11968 BG     0  408    0  220 0.374  42.9 113.0  10.0 -15.0
2014 2 1.500   11969 B      0   16    0   10 0.571 261.3 163.0 -10.0  35.0
2014 2 2.500   11967 BGD    0 2998    0 1510 0.120 171.9 114.0 -13.0  -1.0
2014 2 2.500   11968 BG     0  575    0  300 0.283  10.5 112.0  10.0  -3.0
2014 2 2.500   11970 B      0   94    0   80 0.808 107.8  61.0 -18.0 -54.0
2014 2 3.500   11967 BGD    0 2896    0 1490 0.235 239.4 114.0 -13.0  12.0
2014 2 3.500   11968 BG     0  606    0  320 0.318 331.0 110.0  10.0   9.0
2014 2 3.500   11969 B      0   31    0   30 0.852 260.9 161.0 -11.0  59.0
2014 2 3.500   11970 B      0   45    0   30 0.658 113.4  60.0 -20.0 -40.0
2014 2 4.500   11967 BGD    0 2878    0 1580 0.412 254.8 112.0 -12.0  24.0
2014 2 4.500   11968 BG     0  589    0  330 0.450 304.7 110.0   9.0  22.0
2014 2 4.500   11969 B      0   18    0   30 0.952 260.4 161.0 -11.0  73.0
2014 2 4.500   11970 B      0   35    0   20 0.468 117.1  61.0 -18.0 -26.0
2014 2 4.500   11971 B      0   10    0   10 0.852  99.1  29.0 -11.0 -59.0
2014 2 5.500   11967 BGD    0 2367    0 1500 0.614 258.6 113.0 -12.0  38.0
2014 2 5.500   11968 BG     0  668    0  430 0.630 292.8 111.0   9.0  36.0
2014 2 5.500   11969 B      0    1    0   10 0.998 260.4 162.0 -10.0  87.0
2014 2 5.500   11970 B      0   38    0   20 0.284 135.9  63.0 -18.0 -12.0
2014 2 5.500   11971 B      0   73    0   50 0.679 100.8  32.0 -12.0 -43.0
2014 2 5.500   11972 A      0    0    0    0 0.206 235.3  85.0 -13.0  10.0
2014 2 5.500   11973 B      0   26    0   30 0.899  80.1  12.0   6.0 -63.0
2014 2 5.500   11974 A      0   20    0   40 0.966  99.7 359.0 -11.0 -76.0
2014 2 6.500   11967 BGD    0 1992    0 1570 0.773 258.4 112.0 -13.0  51.0
2014 2 6.500   11968 BG     0  946    0  740 0.769 287.4 109.0   9.0  48.0
2014 2 6.500   11970 A      0   19    0   10 0.186 190.3  63.0 -17.0   2.0
2014 2 6.500   11971 B      0  179    0  100 0.442 104.2  35.0 -12.0 -26.0
2014 2 6.500   11972 B      0   17    0   10 0.516 257.4  88.0 -12.0  31.0
2014 2 6.500   11973 B      0   36    0   30 0.792  77.3  10.0   6.0 -51.0
2014 2 6.500   11974 B      0  163    0  170 0.877 100.2 358.0 -12.0 -62.0
2014 2 7.500   11967 BGD    0 1133    0 1260 0.893 258.7 112.0 -13.0  64.0
2014 2 7.500   11968 BG     0  586    0  620 0.881 288.5 107.0  13.0  59.0
2014 2 7.500   11970 A      0   18    0   10 0.323 234.7  64.0 -17.0  16.0
2014 2 7.500   11971 B      0  155    0   80 0.226 115.8  36.0 -12.0 -12.0
2014 2 7.500   11972 B      0   46    0   30 0.640 259.0  88.0 -12.0  40.0
2014 2 7.500   11973 B      0   93    0   60 0.625  73.6  11.0   5.0 -37.0
2014 2 7.500   11974 BG     0  266    0  210 0.773 101.5 357.0 -13.0 -51.0
2014 2 8.500   11967 BGD    0  404    0  830 0.970 258.2 113.0 -13.0  77.0
2014 2 8.500   11968 BG     0  251    0  450 0.960 283.5 108.0  11.0  72.0
2014 2 8.500   11971 B      0  139    0   70 0.095 180.0  36.0 -12.0   0.0
2014 2 8.500   11973 B      0  178    0  100 0.448  64.8  12.0   5.0 -24.0
2014 2 8.500   11974 BG     0  319    0  200 0.602 102.9 359.0 -13.0 -37.0
2014 2 8.500   11975 B      0   63    0   40 0.605 253.8  73.0 -15.0  37.0
2014 2 8.500   11976 B      0   36    0   80 0.973 103.9 318.0 -15.0 -78.0
2014 2 9.500   11967 BGD    0   53    0  630 0.999 257.2 112.0 -13.0  89.0
2014 2 9.500   11968 BG     0   49    0  390 0.998 281.5 108.0  11.0  85.0
2014 2 9.500   11971 B      0  134    0   70 0.271 248.8  38.0 -12.0  15.0
2014 2 9.500   11973 B      0  249    0  130 0.277  38.6  13.0   6.0 -10.0
2014 2 9.500   11974 BG     0  404    0  220 0.396 105.1 360.0 -12.0 -23.0
2014 2 9.500   11975 BG     0  103    0   80 0.763 255.9  73.0 -15.0  50.0
2014 2 9.500   11976 BG     0  223    0  240 0.885 103.5 320.0 -15.0 -63.0
2014 210.500   11971 B      0   69    0   40 0.499 259.5  40.0 -11.0  30.0
2014 210.500   11973 B      0  196    0  100 0.175 342.7  12.0   3.0   3.0
2014 210.500   11974 BG     0  427    0  220 0.232 119.2 356.0 -13.0 -12.0
2014 210.500   11975 B      0  102    0  110 0.885 257.7  72.0 -14.0  63.0
2014 210.500   11976 BG     0  474    0  390 0.794 102.6 315.0 -14.0 -53.0
2014 210.500   11977 A      0   38    0   80 0.970  99.7 291.0 -11.0 -77.0
2014 211.500   11971 A      0   13    0   10 0.715 259.8  41.0 -12.0  46.0
2014 211.500   11973 B      0   93    0   50 0.357 300.3  13.0   4.0  18.0
2014 211.500   11974 BGD    0  637    0  320 0.094 169.5 354.0 -12.0  -1.0
2014 211.500   11975 B      0   47    0   90 0.965 257.3  72.0 -14.0  76.0
2014 211.500   11976 BG     0  474    0  310 0.644 105.4 315.0 -15.0 -40.0
2014 211.500   11977 B      0  234    0  270 0.901  99.0 290.0 -11.0 -65.0
2014 211.500   11978 B      0   75    0   50 0.651 285.8  35.0   5.0  39.0
2014 212.500   11971 B      0   31    0   30 0.851 260.0  41.0 -12.0  59.0
2014 212.500   11973 B      0   66    0   40 0.555 287.7  15.0   4.0  32.0
2014 212.500   11974 BGD    0  896    0  460 0.224 245.2 354.0 -12.0  12.0
2014 212.500   11975 A      0    6    0   50 0.998 257.3  70.0 -13.0  88.0
2014 212.500   11976 BG     0  603    0  340 0.462 107.5 315.0 -14.0 -27.0
2014 212.500   11977 B      0  360    0  290 0.783  96.2 289.0  -9.0 -52.0
2014 212.500   11978 B      0   48    0   40 0.793 282.9  34.0   6.0  51.0
2014 212.500   11979 B      0   14    0   10 0.704 297.7  22.0  14.0  40.0
2014 213.500   11971 B      0   25    0   40 0.946 260.7  40.0 -11.0  72.0
2014 213.500   11973 B      0   39    0   30 0.746 298.6  12.0  16.0  43.0
2014 213.500   11974 BGD    0 1415    0  780 0.420 268.0 353.0  -7.0  25.0
2014 213.500   11976 BG     0  714    0  370 0.262 123.8 315.0 -15.0 -13.0
2014 213.500   11977 BG     0  728    0  460 0.611  95.9 290.0  -9.0 -38.0
2014 213.500   11978 B      0   23    0   30 0.922 280.5  34.0   7.0  66.0
2014 214.500   11971 A      0    6    0   30 0.994 258.6  42.0 -12.0  85.0
2014 214.500   11973 A      0   21    0   20 0.851 281.4  14.0   6.0  57.0
2014 214.500   11974 BGD    0 1584    0  990 0.599 259.1 354.0 -12.0  37.0
2014 214.500   11976 B      0  415    0  210 0.151 199.6 320.0 -15.0   3.0
2014 214.500   11977 BG     0  737    0  410 0.437  98.8 291.0 -10.0 -26.0
2014 214.500   11978 B      0    3    0   10 0.984 277.4  36.0   6.0  79.0
2014 214.500   11980 B      0  226    0  115 0.161 141.0 311.0 -14.0  -6.0
2014 215.500   11973 A      0    5    0   10 0.956 278.5  16.0   6.0  72.0
2014 215.500   11974 BGD    0  946    0  760 0.782 260.1 356.0 -12.0  52.0
2014 215.500   11976 B      0  436    0  230 0.318 242.6 321.0 -15.0  17.0
2014 215.500   11977 BG     0  625    0  320 0.213 105.6 292.0 -10.0 -12.0
2014 215.500   11980 A      0  177    0   90 0.161 219.2 310.0 -14.0   6.0
2014 216.500   11973 A      0    0    0   10 0.999 276.3  18.0   6.0  87.0
2014 216.500   11974 BGD    0  638    0  760 0.908 259.9 357.0 -12.0  66.0
2014 216.500   11976 B      0  400    0  230 0.493 251.7 320.0 -15.0  29.0
2014 216.500   11977 BG     0  638    0  320 0.064 212.6 293.0 -10.0   2.0
2014 216.500   11980 A      0  168    0   90 0.357 248.6 311.0 -14.0  20.0
2014 217.500   11974 BGD    0  230    0  590 0.981 258.1 357.0 -13.0  80.0
2014 217.500   11976 A      0  317    0  220 0.692 257.0 320.0 -14.0  44.0
2014 217.500   11977 BG     0  230    0  120 0.278 258.0 293.0 -10.0  16.0
2014 217.500   11980 A      0   50    0   30 0.545 256.8 310.0 -13.0  33.0
2014 217.500   11981 B      0   52    0   50 0.853  92.8 217.0  -6.0 -59.0
2014 217.500   11982 B      0   57    0   80 0.934  99.2 206.0 -11.0 -70.0
2014 218.500   11974 BG     0   40    0  480 0.999 258.2 354.0 -12.0  89.0
2014 218.500   11976 B      0  306    0  270 0.823 256.6 320.0 -15.0  56.0
2014 218.500   11977 B      0  190    0  110 0.498 260.1 293.0 -11.0  30.0
2014 218.500   11980 A      0   13    0   10 0.715 258.6 309.0 -13.0  46.0
2014 218.500   11981 B      0  156    0  110 0.703  91.5 218.0  -6.0 -45.0
2014 218.500   11982 BG     0  310    0  280 0.833  98.6 206.0 -11.0 -57.0
2014 218.500   11983 A      0   15    0   10 0.626 100.5 224.0 -12.0 -39.0
2014 218.500   11984 B      0   40    0   30 0.730 106.8 217.0 -17.0 -47.0
2014 219.500   11976 A      0  134    0  180 0.927 257.7 320.0 -14.0  69.0
2014 219.500   11977 B      0  136    0   90 0.651 262.8 291.0 -10.0  41.0
2014 219.500   11981 B      0  235    0  140 0.541  92.0 217.0  -7.0 -33.0
2014 219.500   11982 BG     0  724    0  500 0.690  98.6 205.0 -11.0 -44.0
2014 219.500   11984 B      0   33    0   20 0.538 108.8 218.0 -16.0 -32.0
2014 219.500   11985 B      0   13    0   10 0.743 286.0 297.0   7.0  46.0
2014 220.500   11976 A      0   42    0  130 0.987 256.9 320.0 -14.0  82.0
2014 220.500   11977 B      0   44    0   40 0.833 262.7 294.0 -10.0  57.0
2014 220.500   11981 B      0  357    0  190 0.340  91.1 217.0  -7.0 -20.0
2014 220.500   11982 BG     0  832    0  490 0.527  99.5 205.0 -11.0 -32.0
2014 220.500   11984 B      0   18    0   10 0.352 117.4 218.0 -16.0 -19.0
2014 220.500   11985 A      0   10    0   10 0.851 281.5 295.0   6.0  57.0
2014 220.500   11986 B      0    9    0   10 0.875  70.9 179.0  13.0 -58.0
2014 221.500   11976 A      0    4    0   60 0.999 256.6 319.0 -13.0  94.0
2014 221.500   11977 B      0   13    0   20 0.941 262.9 296.0  -9.0  71.0
2014 221.500   11981 B      0  377    0  190 0.104  89.6 219.0  -7.0  -6.0
2014 221.500   11982 BG     0  983    0  520 0.326 100.2 206.0 -10.0 -19.0
2014 221.500   11984 B      0   19    0   10 0.169 156.6 221.0 -16.0  -4.0
2014 221.500   11985 B      0    6    0   10 0.953 280.8 296.0   8.0  71.0
2014 221.500   11986 B      0   36    0   30 0.789  66.1 177.0  14.0 -48.0
2014 221.500   11987 A      0   19    0   30 0.944  90.7 154.0  -3.0 -71.0
2014 222.500   11977 A      0    2    0   10 0.995 262.6 297.0  -8.0  85.0
2014 222.500   11981 B      0  476    0  240 0.121 270.5 219.0  -7.0   7.0
2014 222.500   11982 BG     0 1114    0  560 0.100 120.7 207.0 -10.0  -5.0
2014 222.500   11983 B      0   19    0   10 0.310 246.2 229.0 -14.0  17.0
2014 222.500   11985 B      0    1    0   10 0.999 277.5 298.0   7.0  86.0
2014 222.500   11986 B      0   46    0   30 0.634  59.3 178.0  13.0 -34.0
2014 222.500   11987 BG     0  145    0  150 0.874  88.3 151.0  -2.0 -61.0
2014 222.500   11988 B      0   16    0   10 0.569  97.3 177.0 -10.0 -35.0
2014 223.500   11981 B      0  411    0  220 0.356 269.1 219.0  -7.0  21.0
2014 223.500   11982 BG     0 1124    0  570 0.162 251.5 207.0 -10.0   9.0
2014 223.500   11983 A      0   17    0   10 0.518 254.7 229.0 -14.0  31.0
2014 223.500   11986 B      0   69    0   40 0.485  46.1 177.0  13.0 -21.0
2014 223.500   11987 BG     0  320    0  240 0.744  86.3 150.0  -2.0 -48.0
2014 223.500   11989 A      0   26    0   30 0.898  76.3 136.0   9.0 -62.0
2014 224.500   11981 B      0  332    0  200 0.555 268.1 218.0  -7.0  34.0
2014 224.500   11982 BG     0  834    0  450 0.374 261.0 206.0 -10.0  22.0
2014 224.500   11986 B      0   55    0   30 0.364  19.1 176.0  13.0  -7.0
2014 224.500   11987 BG     0  371    0  230 0.591  83.6 147.0  -2.0 -36.0
2014 224.500   11989 B      0  117    0   90 0.758  72.9 137.0   8.0 -47.0
2014 224.500   11990 A      0  123    0  250 0.969 103.7 108.0 -15.0 -77.0
2014 225.500   11981 B      0  151    0  110 0.726 265.8 219.0  -8.0  47.0
2014 225.500   11982 BG     0  536    0  330 0.583 262.8 207.0 -10.0  36.0
2014 225.500   11984 A      0   26    0   20 0.753 252.3 221.0 -18.0  49.0
2014 225.500   11986 B      0   74    0   40 0.371 346.8 176.0  14.0   5.0
2014 225.500   11987 BG     0  311    0  170 0.403  76.0 148.0  -1.0 -23.0
2014 225.500   11989 B      0   90    0   60 0.654  68.9 134.0   8.0 -38.0
2014 225.500   11990 A      0  162    0  180 0.892  99.9 107.0 -12.0 -64.0
2014 226.500   11981 B      0   98    0  100 0.870 266.0 219.0  -7.0  61.0
2014 226.500   11982 BG     0  415    0  320 0.760 264.3 208.0  -9.0  50.0
2014 226.500   11984 B      0   57    0   60 0.876 253.4 220.0 -18.0  62.0
2014 226.500   11986 B      0   17    0   10 0.454 318.4 176.0  13.0  18.0
2014 226.500   11987 B      0  373    0  190 0.189  55.8 148.0  -1.0  -9.0
2014 226.500   11989 B      0   51    0   30 0.508  58.4 132.0   9.0 -26.0
2014 226.500   11990 BD     0  272    0  210 0.760  99.7 108.0 -12.0 -50.0
2014 226.500   11991 B      0  103    0  120 0.901 114.3  93.0 -25.0 -65.0
2014 226.500   11992 B      0   18    0   10 0.387 123.2 137.0 -19.0 -20.0
2014 226.500   11993 B      0    9    0   10 0.875  67.2 101.0  16.0 -57.0
2014 227.500   11981 B      0   22    0   40 0.958 264.8 220.0  -7.0  74.0
2014 227.500   11982 BG     0  158    0  170 0.885 262.5 209.0 -10.0  63.0
2014 227.500   11984 B      0   47    0   80 0.955 255.4 220.0 -16.0  74.0
2014 227.500   11986 B      0   48    0   30 0.588 304.0 176.0  13.0  30.0
2014 227.500   11987 BG     0  358    0  180 0.101 316.4 150.0  -3.0   4.0
2014 227.500   11988 B      0   96    0   60 0.597 262.9 183.0 -10.0  37.0
2014 227.500   11989 A      0   37    0   20 0.365  40.9 132.0   9.0 -14.0
2014 227.500   11990 BD     0  394    0  250 0.615 103.6 108.0 -14.0 -38.0
2014 227.500   11991 B      0  339    0  280 0.795 116.1  94.0 -25.0 -52.0
2014 227.500   11992 B      0   58    0   30 0.250 152.7 139.0 -20.0  -7.0
2014 227.500   11993 B      0   38    0   30 0.769  62.2 101.0  16.0 -45.0
2014 228.500   11981 B      0    7    0   20 0.983 265.2 220.0  -6.0  80.0
2014 228.500   11982 BG     0   83    0  160 0.966 260.5 207.0 -11.0  76.0
2014 228.500   11984 B      0    1    0   30 1.000 254.0 221.0 -16.0  91.0
2014 228.500   11986 B      0   13    0   10 0.718 297.5 174.0  14.0  41.0
2014 228.500   11987 B      0  285    0  150 0.304 286.3 148.0  -2.0  17.0
2014 228.500   11988 B      0  216    0  170 0.771 263.0 182.0 -10.0  51.0
2014 228.500   11989 B      0   19    0   10 0.263   3.8 130.0   8.0  -1.0
2014 228.500   11990 BD     0  454    0  250 0.415 108.0 107.0 -14.0 -24.0
2014 228.500   11991 BG     0  487    0  320 0.648 120.6  93.0 -25.0 -38.0
2014 228.500   11992 B      0   58    0   30 0.243 203.9 137.0 -20.0   6.0
2014 228.500   11993 B      0   46    0   30 0.622  52.7 100.0  16.0 -31.0
2014 228.500   11994 B      0   38    0   20 0.258 273.8 146.0  -6.0  15.0
2014 228.500   11995 B      0   37    0   20 0.365 122.0 112.0 -18.0 -19.0
2014 3 1.500   11982 B      0    9    0   50 0.996 259.5 205.0 -11.0  86.0
2014 3 1.500   11987 B      0  278    0  160 0.490 278.8 148.0  -2.0  29.0
2014 3 1.500   11988 B      0  108    0  120 0.893 262.4 183.0 -10.0  64.0
2014 3 1.500   11989 B      0   18    0   10 0.330 317.4 132.0   7.0  13.0
2014 3 1.500   11990 BD     0  409    0  210 0.221 123.0 108.0 -14.0 -11.0
2014 3 1.500   11991 BG     0  499    0  290 0.508 128.6  93.0 -25.0 -26.0
2014 3 1.500   11992 A      0   37    0   20 0.373 235.6 138.0 -19.0  19.0
2014 3 1.500   11993 B      0  194    0  110 0.471  34.2 103.0  16.0 -16.0
2014 3 1.500   11994 A      0   51    0   30 0.511 268.5 150.0  -7.0  31.0
2014 3 1.500   11995 B      0  117    0   60 0.198 149.6 113.0 -17.0  -6.0
2014 3 2.500   11987 B      0  157    0  110 0.696 274.6 150.0  -2.0  44.0
2014 3 2.500   11988 B      0   33    0   80 0.978 260.2 185.0 -11.0  79.0
2014 3 2.500   11989 B      0   17    0   10 0.501 300.0 132.0   8.0  26.0
2014 3 2.500   11990 BD     0  377    0  190 0.121 214.0 110.0 -13.0   4.0
2014 3 2.500   11991 BG     0  691    0  370 0.357 144.8  93.0 -24.0 -13.0
2014 3 2.500   11992 A      0   16    0   10 0.587 247.4 141.0 -19.0  35.0
2014 3 2.500   11993 B      0  146    0   80 0.400   9.7 102.0  16.0  -4.0
2014 3 2.500   11994 A      0   41    0   30 0.727 267.2 153.0  -7.0  47.0
2014 3 2.500   11995 B      0   78    0   40 0.216 217.9 114.0 -17.0   8.0
2014 3 2.500   11996 B      0   42    0   40 0.850  69.8  51.0  13.0 -55.0
2014 3 3.500   11987 B      0  145    0  130 0.829 272.5 150.0  -2.0  56.0
2014 3 3.500   11988 A      0    1    0   10 0.998 262.4 185.0  -8.0  87.0
2014 3 3.500   11989 B      0   85    0   60 0.702 289.2 132.0   8.0  42.0
2014 3 3.500   11990 B      0  400    0  210 0.299 252.8 110.0 -12.0  17.0
2014 3 3.500   11991 BG     0  635    0  330 0.272 180.0  93.0 -23.0   0.0
2014 3 3.500   11992 A      0   13    0   10 0.754 251.1 141.0 -19.0  49.0
2014 3 3.500   11993 B      0   54    0   30 0.433 334.9 102.0  16.0  11.0
2014 3 3.500   11994 A      0   39    0   40 0.871 267.2 153.0  -6.0  61.0
2014 3 3.500   11995 B      0   91    0   50 0.400 243.5 114.0 -17.0  22.0
2014 3 3.500   11996 B      0   82    0   60 0.729  63.0  51.0  14.0 -42.0
2014 3 4.500   11987 A      0   19    0   40 0.970 270.8 153.0  -1.0  76.0
2014 3 4.500   11989 B      0   74    0   70 0.845 283.1 135.0   7.0  56.0
2014 3 4.500   11990 B      0  335    0  190 0.469 258.0 107.0 -12.0  28.0
2014 3 4.500   11991 BGD    0  448    0  240 0.356 215.2  92.0 -24.0  13.0
2014 3 4.500   11993 B      0   84    0   50 0.538 315.7 102.0  16.0  23.0
2014 3 4.500   11994 A      0   48    0   90 0.963 265.8 154.0  -6.0  75.0
2014 3 4.500   11995 B      0   16    0   10 0.578 252.5 114.0 -16.0  35.0
2014 3 4.500   11996 B      0   98    0   60 0.577  55.0  50.0  13.0 -29.0
2014 3 4.500   11997 B      0    5    0   10 0.960 258.5 154.0 -13.0  75.0
2014 3 5.500   11987 A      0    6    0   60 0.998 268.4 152.0  -2.0  87.0
2014 3 5.500   11989 B      0   19    0   30 0.948 281.0 135.0   8.0  70.0
2014 3 5.500   11990 B      0  288    0  190 0.652 260.0 106.0 -12.0  41.0
2014 3 5.500   11991 B      0  418    0  240 0.488 232.2  90.0 -24.0  25.0
2014 3 5.500   11993 B      0   73    0   50 0.676 303.3 101.0  16.0  36.0
2014 3 5.500   11994 A      0    3    0   30 0.998 264.4 152.0  -6.0  87.0
2014 3 5.500   11995 B      0   25    0   20 0.762 255.1 115.0 -16.0  50.0
2014 3 5.500   11996 B      0  215    0  120 0.438  35.0  52.0  14.0 -15.0
2014 3 5.500   11997 B      0    7    0   80 0.999 257.2 154.0 -13.0  89.0
2014 3 5.500   11998 B      0   52    0   60 0.901  97.6   0.0 -10.0 -65.0
2014 3 5.500   11999 B      0   73    0   40 0.400 116.4  45.0 -17.0 -22.0
2014 3 6.500   11990 B      0  209    0  180 0.813 260.4 107.0 -12.0  55.0
2014 3 6.500   11991 B      0  167    0  110 0.648 239.5  90.0 -25.0  38.0
2014 3 6.500   11993 B      0   11    0   10 0.825 295.1 102.0  16.0  51.0
2014 3 6.500   11995 B      0    9    0   10 0.884 254.6 115.0 -17.0  63.0
2014 3 6.500   11996 B      0   92    0   50 0.380   5.1  50.0  15.0  -2.0
2014 3 6.500   11998 B      0  127    0  100 0.771  97.0   1.0 -10.0 -51.0
2014 3 6.500   11999 B      0   78    0   40 0.220 148.3  45.0 -18.0  -7.0
2014 3 6.500   12000 B      0   30    0   20 0.651  96.9  11.0 -10.0 -41.0
2014 3 6.500   12001 B      0   14    0   10 0.706 306.3  89.0  19.0  37.0
2014 3 7.500   11990 B      0  156    0  200 0.921 258.9 107.0 -13.0  68.0
2014 3 7.500   11991 B      0  111    0   90 0.783 245.0  90.0 -24.0  51.0
2014 3 7.500   11993 A      0    8    0   10 0.906 292.6 100.0  17.0  61.0
2014 3 7.500   11995 B      0   21    0   40 0.964 255.3 115.0 -16.0  76.0
2014 3 7.500   11996 B      0  200    0  110 0.412 336.0  49.0  15.0  10.0
2014 3 7.500   11998 B      0  156    0  100 0.625  93.8   0.0  -8.0 -39.0
2014 3 7.500   11999 B      0  117    0   60 0.183 213.3  45.0 -16.0   6.0
2014 3 7.500   12000 B      0  124    0   70 0.453 100.0  12.0 -11.0 -27.0
2014 3 7.500   12001 B      0   66    0   60 0.832 297.3  90.0  18.0  51.0
2014 3 8.500   11990 A      0   35    0  110 0.987 259.0 109.0 -12.0  82.0
2014 3 8.500   11991 B      0   39    0   40 0.873 244.2  88.0 -26.0  61.0
2014 3 8.500   11995 B      0    3    0   30 0.999 254.2 116.0 -16.0  89.0
2014 3 8.500   11996 B      0  135    0   80 0.528 314.3  50.0  15.0  23.0
2014 3 8.500   11998 B      0  142    0   80 0.451  95.6   0.0  -9.0 -27.0
2014 3 8.500   11999 B      0   18    0   10 0.351 243.1  46.0 -16.0  19.0
2014 3 8.500   12000 B      0   77    0   40 0.231 107.3  13.0 -11.0 -13.0
2014 3 8.500   12001 B      0   35    0   50 0.935 293.5  92.0  19.0  65.0
2014 3 8.500   12002 B      0   45    0   50 0.892 107.7 323.0 -19.0 -64.0
2014 3 9.500   11990 A      0    4    0   60 0.999 257.6 108.0 -12.0  94.0
2014 3 9.500   11996 BG     0  118    0   80 0.674 300.0  51.0  14.0  37.0
2014 3 9.500   11998 B      0  116    0   60 0.241  98.2   0.0  -9.0 -14.0
2014 3 9.500   11999 A      0    0    0    0 0.495 250.2  43.0 -16.0  29.0
2014 3 9.500   12000 B      0   19    0   10 0.066 180.0  14.0 -11.0   0.0
2014 3 9.500   12001 B      0   12    0   40 0.988 290.6  92.0  19.0  78.0
2014 3 9.500   12002 BGD    0  113    0   90 0.776 108.7 323.0 -19.0 -51.0
2014 310.500   11996 BG     0  172    0  150 0.818 292.8  51.0  14.0  51.0
2014 310.500   11998 B      0  119    0   60 0.031 180.0   0.0  -9.0   0.0
2014 310.500   12001 B      0    5    0   40 0.997 288.6  92.0  19.0  92.0
2014 310.500   12002 BGD    0  237    0  150 0.613 111.8 323.0 -19.0 -37.0
2014 310.500   12003 B      0  114    0   60 0.306 317.5  12.0   6.0  12.0
2014 310.500   12004 B      0   26    0   30 0.894  95.4 296.0  -8.0 -64.0
2014 311.500   11996 BG     0  148    0  190 0.920 288.6  51.0  14.0  64.0
2014 311.500   11998 B      0  116    0   60 0.225 261.2   0.0  -9.0  13.0
2014 311.500   12002 BGD    0  371    0  210 0.468 117.6 321.0 -19.0 -26.0
2014 311.500   12003 B      0  123    0   70 0.473 297.3  12.0   6.0  25.0
2014 311.500   12004 A      0   12    0   10 0.772  94.4 296.0  -8.0 -51.0
2014 312.500   11996 BG     0   74    0  220 0.985 285.6  52.0  14.0  78.0
2014 312.500   11998 B      0   72    0   40 0.435 264.2   0.0  -9.0  26.0
2014 312.500   11999 B      0    5    0   10 0.954 253.3  48.0 -18.0  74.0
2014 312.500   12002 BGD    0  737    0  380 0.240 141.8 324.0 -18.0  -9.0
2014 312.500   12003 B      0  195    0  130 0.657 287.8  12.0   6.0  39.0
2014 312.500   12004 A      0   16    0   10 0.583  95.4 297.0  -9.0 -36.0
2014 312.500   12005 A      0   67    0  100 0.941  74.5 265.0  12.0 -68.0
2014 313.500   11996 BG     0    4    0   60 0.999 285.9  51.0  16.0  90.0
2014 313.500   11998 B      0   30    0   20 0.638 266.1   1.0  -8.0  40.0
2014 313.500   11999 B      0    4    0   20 0.995 253.5  47.0 -17.0  86.0
2014 313.500   12000 B      0   19    0   20 0.869 263.7  22.0  -9.0  61.0
2014 313.500   12002 BGD    0  741    0  380 0.221 201.9 326.0 -19.0   5.0
2014 313.500   12003 BG     0  218    0  180 0.794 283.2  12.0   6.0  51.0
2014 313.500   12005 A      0  170    0  170 0.865  71.6 264.0  12.0 -57.0
2014 314.500   11998 B      0   37    0   30 0.782 264.2   0.0  -9.0  52.0
2014 314.500   12002 BG     0  617    0  330 0.352 236.6 326.0 -18.0  18.0
2014 314.500   12003 BG     0  117    0  140 0.908 280.0  12.0   6.0  64.0
2014 314.500   12005 A      0  246    0  180 0.730  66.1 265.0  12.0 -43.0
2014 314.500   12006 B      0   35    0   40 0.894 286.2   9.0  11.0  61.0
2014 314.500   12007 A      0   28    0   30 0.882  75.8 248.0   9.0 -60.0
2014 315.500   11998 A      0    8    0   10 0.908 263.3   0.0  -9.0  66.0
2014 315.500   12000 A      0    0    0    0 0.998 262.4  22.0  -8.0  87.0
2014 315.500   12002 B      0  503    0  300 0.545 247.7 327.0 -18.0  32.0
2014 315.500   12003 BG     0   62    0  160 0.981 276.6  13.0   5.0  78.0
2014 315.500   12005 A      0  350    0  220 0.604  59.2 263.0  12.0 -32.0
2014 315.500   12006 B      0   45    0  100 0.974 284.1  10.0  12.0  75.0
2014 315.500   12007 A      0   49    0   40 0.785  71.2 246.0  10.0 -49.0
2014 315.500   12008 A      0   19    0   30 0.946  99.2 223.0 -11.0 -72.0
2014 316.500   11998 A      0    0    0    0 0.979 264.3   1.0  -7.0  79.0
2014 316.500   12002 BG     0  401    0  280 0.697 251.4 326.0 -18.0  44.0
2014 316.500   12003 B      0    6    0  120 1.000 274.8  13.0   5.0  91.0
2014 316.500   12004 B      0   19    0   10 0.293 259.1 299.0 -10.0  17.0
2014 316.500   12005 B      0  443    0  250 0.463  43.2 263.0  13.0 -19.0
2014 316.500   12006 B      0    2    0  190 1.000 281.0  11.0  11.0  89.0
2014 316.500   12007 A      0   45    0   30 0.657  64.1 245.0  11.0 -37.0
2014 316.500   12008 A      0   42    0   40 0.851  98.6 223.0 -11.0 -59.0
2014 316.500   12009 B      0   18    0   10 0.362 354.6 284.0  14.0   2.0
2014 317.500   12002 BG     0  236    0  220 0.843 253.1 326.0 -18.0  58.0
2014 317.500   12004 B      0   17    0   10 0.512 262.4 299.0 -10.0  31.0
2014 317.500   12005 B      0  467    0  250 0.354  13.9 264.0  13.0  -5.0
2014 317.500   12007 B      0   17    0   10 0.488  51.9 245.0  11.0 -23.0
2014 317.500   12008 B      0   28    0   20 0.702  98.5 223.0 -11.0 -45.0
2014 317.500   12009 B      0   17    0   10 0.445 323.0 284.0  14.0  16.0
2014 317.500   12010 B      0    9    0   10 0.892 102.1 203.0 -14.0 -64.0
2014 318.500   12002 B      0   85    0  130 0.944 253.4 327.0 -18.0  72.0
2014 318.500   12004 B      0   56    0   40 0.702 262.9 300.0 -10.0  45.0
2014 318.500   12005 B      0  463    0  250 0.374 336.0 264.0  13.0   9.0
2014 318.500   12007 A      0   18    0   10 0.345  26.4 246.0  11.0  -9.0
2014 318.500   12008 A      0   17    0   10 0.513  99.6 224.0 -11.0 -31.0
2014 318.500   12010 B      0   36    0   30 0.793 103.5 201.0 -15.0 -53.0
2014 318.500   12011 B      0   18    0   10 0.372 268.8 277.0  -7.0  22.0
2014 318.500   12012 A      0    9    0   10 0.869  96.4 193.0  -9.0 -61.0
2014 318.500   12013 A      0   18    0   30 0.953  73.9 184.0  13.0 -70.0
2014 319.500   12002 B      0    6    0   30 0.995 252.5 328.0 -18.0  86.0
2014 319.500   12004 B      0   62    0   60 0.851 262.6 301.0 -10.0  59.0
2014 319.500   12005 A      0  431    0  250 0.506 311.2 265.0  13.0  23.0
2014 319.500   12008 B      0   57    0   30 0.296 104.5 225.0 -11.0 -17.0
2014 319.500   12010 B      0  155    0  100 0.630 105.2 203.0 -15.0 -39.0
2014 319.500   12011 B      0  113    0   70 0.584 267.8 278.0  -7.0  36.0
2014 319.500   12012 A      0   13    0   10 0.726  95.7 195.0  -9.0 -47.0
2014 319.500   12013 A      0   30    0   30 0.858  70.2 186.0  13.0 -56.0
2014 319.500   12014 B      0   29    0   50 0.955 103.6 168.0 -15.0 -74.0
2014 320.500   12004 B      0   30    0   50 0.952 261.7 302.0 -10.0  73.0
2014 320.500   12005 A      0  372    0  250 0.667 298.5 266.0  13.0  37.0
2014 320.500   12008 B      0   99    0   50 0.087 143.6 226.0 -11.0  -3.0
2014 320.500   12010 BG     0  234    0  130 0.435 110.2 204.0 -15.0 -25.0
2014 320.500   12011 B      0  298    0  230 0.762 266.8 279.0  -7.0  50.0
2014 320.500   12013 A      0   41    0   30 0.723  64.5 187.0  13.0 -42.0
2014 320.500   12014 B      0  143    0  140 0.860 103.3 169.0 -15.0 -60.0
2014 321.500   12004 B      0    6    0   30 0.995 261.6 301.0  -9.0  85.0
2014 321.500   12005 A      0  252    0  200 0.775 293.1 265.0  13.0  47.0
2014 321.500   12008 B      0   94    0   50 0.326 259.5 228.0 -10.0  19.0
2014 321.500   12010 BG     0  251    0  130 0.260 123.3 203.0 -15.0 -13.0
2014 321.500   12011 B      0  203    0  220 0.887 265.7 279.0  -7.0  63.0
2014 321.500   12013 A      0   48    0   30 0.586  56.2 186.0  13.0 -30.0
2014 321.500   12014 BG     0  205    0  150 0.728 104.1 169.0 -15.0 -47.0
2014 322.500   12005 A      0  174    0  190 0.888 287.4 263.0  12.0  60.0
2014 322.500   12008 B      0   52    0   30 0.498 260.0 233.0 -11.0  30.0
2014 322.500   12010 BG     0  316    0  160 0.140 180.0 203.0 -15.0   0.0
2014 322.500   12011 B      0  141    0  300 0.972 264.4 280.0  -7.0  77.0
2014 322.500   12013 A      0   54    0   30 0.431  38.6 187.0  13.0 -16.0
2014 322.500   12014 BG     0  278    0  170 0.575 104.5 168.0 -14.0 -35.0
2014 322.500   12015 B      0  105    0   60 0.479 251.3 231.0 -15.0  28.0
2014 322.500   12016 B      0   18    0   10 0.387 166.3 197.0 -29.0  -6.0
2014 322.500   12017 B      0   30    0   30 0.866  75.4 145.0   9.0 -58.0
2014 323.500   12005 A      0   77    0  160 0.970 284.3 263.0  12.0  74.0
2014 323.500   12008 B      0   41    0   30 0.727 266.9 236.0  -7.0  47.0
2014 323.500   12010 BGD    0  347    0  180 0.261 236.5 202.0 -15.0  13.0
2014 323.500   12011 B      0    4    0  110 1.000 263.8 280.0  -6.0  92.0
2014 323.500   12013 B      0   37    0   20 0.360   8.1 186.0  14.0  -3.0
2014 323.500   12014 BG     0  355    0  190 0.357 111.5 169.0 -14.0 -20.0
2014 323.500   12015 BD     0  134    0   90 0.667 256.7 231.0 -14.0  42.0
2014 323.500   12016 A      0   18    0   10 0.376 196.6 196.0 -28.0   7.0
2014 323.500   12017 BG     0  134    0  100 0.738  71.1 144.0   9.0 -45.0
2014 324.500   12005 A      0    6    0   80 0.999 283.4 261.0  13.0  86.0
2014 324.500   12010 BGD    0  408    0  230 0.461 252.7 203.0 -14.0  27.0
2014 324.500   12013 A      0   18    0   10 0.414 333.5 187.0  15.0  11.0
2014 324.500   12014 BG     0  413    0  210 0.173 128.5 167.0 -13.0  -8.0
2014 324.500   12015 BD     0   69    0   60 0.813 260.1 231.0 -12.0  55.0
2014 324.500   12016 A      0   17    0   10 0.485 220.7 197.0 -28.0  21.0
2014 324.500   12017 BG     0  205    0  130 0.614  60.2 142.0  12.0 -33.0
2014 324.500   12018 B      0   15    0   10 0.632  76.6 137.0   3.0 -38.0
2014 325.500   12010 BG     0  260    0  170 0.642 256.3 202.0 -14.0  40.0
2014 325.500   12013 A      0   16    0   10 0.545 311.5 188.0  15.0  25.0
2014 325.500   12014 BG     0  475    0  240 0.137 218.2 167.0 -13.0   5.0
2014 325.500   12015 BD     0   52    0   70 0.928 259.8 231.0 -12.0  69.0
2014 325.500   12017 B      0  233    0  130 0.440  50.0 142.0  10.0 -20.0
2014 325.500   12018 B      0   53    0   30 0.446  71.4 137.0   2.0 -25.0
2014 326.500   12010 BG     0  154    0  130 0.804 257.6 204.0 -14.0  54.0
2014 326.500   12014 BG     0  375    0  200 0.342 247.3 168.0 -14.0  19.0
2014 326.500   12015 B      0   11    0   40 0.990 258.8 232.0 -12.0  83.0
2014 326.500   12017 B      0  229    0  120 0.297  23.9 142.0   9.0  -7.0
2014 326.500   12018 B      0   58    0   30 0.242  45.9 138.0   3.0 -10.0
2014 327.500   12010 BG     0   62    0   80 0.921 256.5 204.0 -15.0  68.0
2014 327.500   12014 BG     0  489    0  290 0.537 252.5 168.0 -15.0  32.0
2014 327.500   12017 B      0  304    0  160 0.311 337.3 143.0  10.0   7.0
2014 327.500   12018 B      0  137    0   70 0.183 337.6 140.0   3.0   4.0
2014 327.500   12019 B      0    5    0   10 0.966 261.4 212.0 -10.0  76.0
2014 327.500   12020 B      0   17    0   10 0.476 107.1 108.0 -14.0 -28.0
2014 328.500   12010 BG     0   31    0   80 0.981 257.0 203.0 -14.0  80.0
2014 328.500   12014 BG     0  404    0  290 0.717 255.6 169.0 -15.0  46.0
2014 328.500   12016 B      0   15    0   30 0.968 242.7 200.0 -28.0  77.0
2014 328.500   12017 BD     0  269    0  150 0.438 309.8 143.0  10.0  20.0
2014 328.500   12018 B      0   56    0   30 0.320 300.8 139.0   3.0  16.0
2014 328.500   12021 B      0   51    0   40 0.763 104.0  73.0 -15.0 -50.0
2014 328.500   12022 A      0   46    0   60 0.922  69.5  59.0  16.0 -64.0
2014 329.500   12010 B      0    0    0   10 1.000 257.1 200.0 -13.0  90.0
2014 329.500   12014 BG     0  214    0  210 0.860 257.6 170.0 -14.0  60.0
2014 329.500   12017 BGD    0  158    0  100 0.612 295.9 144.0  10.0  34.0
2014 329.500   12018 B      0   17    0   10 0.508 287.5 139.0   3.0  29.0
2014 329.500   12021 BG     0   80    0   50 0.592 106.4  74.0 -15.0 -36.0
2014 329.500   12022 A      0   58    0   50 0.813  64.9  60.0  16.0 -50.0
2014 329.500   12023 B      0   12    0   30 0.977 255.0 189.0 -16.0  79.0
2014 329.500   12024 A      0   17    0   10 0.503  38.2  91.0  17.0 -19.0
2014 330.500   12014 B      0   90    0  200 0.974 258.1 175.0 -13.0  78.0
2014 330.500   12017 BG     0  161    0  130 0.783 288.4 146.0  10.0  49.0
2014 330.500   12020 B      0   19    0   10 0.218 238.5 108.0 -13.0  11.0
2014 330.500   12021 BG     0  183    0  100 0.393 113.1  75.0 -15.0 -22.0
2014 330.500   12022 A      0   59    0   40 0.672  57.3  61.0  16.0 -36.0
2014 330.500   12023 A      0    0    0   10 1.000 254.0 188.0 -16.0  91.0
2014 330.500   12025 B      0   53    0   30 0.437 225.6 117.0 -24.0  20.0
2014 330.500   12026 B      0   15    0   30 0.966  99.7  21.0 -11.0 -76.0
2014 331.500   12014 B      0    2    0  150 1.000 257.0 175.0 -13.0  91.0
2014 331.500   12017 B      0   49    0   60 0.912 284.1 148.0  10.0  64.0
2014 331.500   12020 B      0   18    0   10 0.430 253.4 109.0 -13.0  25.0
2014 331.500   12021 BG     0  313    0  160 0.201 130.9  75.0 -14.0  -9.0
2014 331.500   12022 A      0   50    0   30 0.551  44.9  60.0  17.0 -24.0
2014 331.500   12025 B      0   32    0   20 0.590 237.5 117.0 -24.0  33.0
2014 331.500   12026 B      0  107    0  120 0.893  99.1  20.0 -11.0 -64.0
2014 331.500   12027 A      0   51    0   80 0.947  73.9  15.0  13.0 -69.0
2014 4 1.500   12017 A      0    3    0   10 0.983 281.5 149.0  10.0  78.0
2014 4 1.500   12021 BG     0  434    0  220 0.156 212.8  76.0 -14.0   5.0
2014 4 1.500   12022 A      0   54    0   30 0.430  22.7  61.0  17.0 -10.0
2014 4 1.500   12026 BG     0  168    0  130 0.761  98.9  21.0 -11.0 -50.0
2014 4 1.500   12027 A      0  105    0  100 0.848  70.2  16.0  13.0 -55.0
2014 4 1.500   12028 B      0   28    0   30 0.879  95.6   9.0  -8.0 -62.0
2014 4 1.500   12029 A      0   26    0   20 0.745  58.7  29.0  18.0 -42.0
2014 4 2.500   12021 BG     0  627    0  330 0.309 247.3  75.0 -13.0  17.0
2014 4 2.500   12022 A      0   36    0   20 0.400 352.8  61.0  17.0   3.0
2014 4 2.500   12026 BG     0  331    0  210 0.613  99.7  20.0 -11.0 -38.0
2014 4 2.500   12027 A      0  139    0  100 0.715  66.3  16.0  12.0 -42.0
2014 4 2.500   12028 B      0   38    0   30 0.773  95.1   7.0  -8.0 -51.0
2014 4 2.500   12029 B      0   48    0   30 0.591  49.4  30.0  17.0 -28.0
2014 4 2.500   12030 B      0   20    0   20 0.858  74.3   1.0  10.0 -57.0
2014 4 3.500   12021 B      0  552    0  320 0.504 255.1  74.0 -13.0  30.0
2014 4 3.500   12022 A      0   17    0   10 0.494 325.7  61.0  18.0  17.0
2014 4 3.500   12026 BG     0  416    0  230 0.425 102.4  19.0 -11.0 -25.0
2014 4 3.500   12027 B      0  180    0  110 0.569  56.1  15.0  13.0 -29.0
2014 4 3.500   12028 B      0   32    0   20 0.598  94.9   7.0  -8.0 -37.0
2014 4 3.500   12029 B      0  105    0   60 0.473  33.9  28.0  17.0 -16.0
2014 4 3.500   12030 BG     0   69    0   50 0.722  68.1   1.0  11.0 -43.0
2014 4 4.500   12021 BGD    0  461    0  320 0.693 257.8  75.0 -13.0  44.0
2014 4 4.500   12022 A      0   15    0   10 0.622 307.7  62.0  17.0  31.0
2014 4 4.500   12026 BG     0  763    0  390 0.205 114.1  20.0 -11.0 -11.0
2014 4 4.500   12027 B      0  273    0  150 0.410  44.4  14.0  11.0 -17.0
2014 4 4.500   12028 B      0   18    0   10 0.390  98.2   8.0  -9.0 -23.0
2014 4 4.500   12029 B      0  128    0   70 0.397   4.8  29.0  17.0  -2.0
2014 4 4.500   12030 BG     0  164    0  100 0.567  60.0   1.0  11.0 -30.0
2014 4 5.500   12021 B      0  350    0  310 0.824 258.5  74.0 -13.0  56.0
2014 4 5.500   12022 A      0    0    0    0 0.758 298.8  62.0  17.0  44.0
2014 4 5.500   12026 B      0  517    0  260 0.090 202.4  20.0 -11.0   2.0
2014 4 5.500   12027 B      0  284    0  150 0.320  12.3  14.0  12.0  -4.0
2014 4 5.500   12028 A      0   19    0   10 0.175 100.7   8.0  -8.0 -10.0
2014 4 5.500   12029 B      0  126    0   70 0.433 335.1  29.0  17.0  11.0
2014 4 5.500   12030 B      0  235    0  130 0.420  46.2 359.0  11.0 -18.0
2014 4 6.500   12021 B      0   69    0   90 0.922 258.5  73.0 -13.0  68.0
2014 4 6.500   12026 B      0  190    0  100 0.297 256.1  22.0 -10.0  17.0
2014 4 6.500   12027 B      0  280    0  150 0.354 331.3  15.0  12.0  10.0
2014 4 6.500   12028 B      0   19    0   10 0.076 245.1   9.0  -8.0   4.0
2014 4 6.500   12029 A      0   65    0   40 0.567 314.9  30.0  18.0  25.0
2014 4 6.500   12030 B      0  247    0  130 0.303  13.1   1.0  11.0  -4.0
2014 4 6.500   12031 B      0   71    0   40 0.448 289.5  30.0   3.0  25.0
2014 4 7.500   12021 B      0   19    0   60 0.987 257.8  74.0 -13.0  82.0
2014 4 7.500   12026 B      0  136    0   80 0.517 256.9  23.0 -12.0  31.0
2014 4 7.500   12027 B      0  259    0  150 0.499 307.2  16.0  12.0  24.0
2014 4 7.500   12028 A      0   19    0   10 0.259 261.9   7.0  -8.0  15.0
2014 4 7.500   12029 A      0   42    0   30 0.712 302.8  31.0  18.0  39.0
2014 4 7.500   12030 B      0   75    0   40 0.325 328.2   2.0  10.0  10.0
2014 4 7.500   12031 B      0   75    0   50 0.656 281.7  32.0   3.0  40.0
2014 4 8.500   12026 B      0  117    0   80 0.680 258.9  21.0 -12.0  43.0
2014 4 8.500   12027 B      0  225    0  150 0.661 297.5  15.0  13.0  37.0
2014 4 8.500   12029 A      0   21    0   20 0.844 295.8  31.0  18.0  53.0
2014 4 8.500   12030 B      0   71    0   40 0.456 306.1 360.0  10.0  22.0
2014 4 8.500   12031 B      0   60    0   50 0.796 278.4  30.0   3.0  52.0
2014 4 8.500   12032 B      0   67    0  100 0.941  73.8 270.0  13.0 -68.0
2014 4 9.500   12026 B      0   32    0   30 0.844 261.9  23.0 -10.0  58.0
2014 4 9.500   12027 B      0  162    0  130 0.781 291.9  13.0  13.0  48.0
2014 4 9.500   12029 A      0   14    0   20 0.930 292.1  30.0  18.0  65.0
2014 4 9.500   12030 B      0   15    0   10 0.620 298.0 359.0  12.0  34.0
2014 4 9.500   12031 B      0   25    0   30 0.903 276.2  29.0   3.0  64.0
2014 4 9.500   12032 BG     0  165    0  150 0.835  71.4 271.0  12.0 -54.0
2014 4 9.500   12033 A      0   52    0   60 0.900  73.6 263.0  12.0 -62.0
2014 410.500   12026 B      0    6    0   10 0.948 262.5  23.0  -9.0  72.0
2014 410.500   12027 A      0  103    0  120 0.902 287.5  13.0  13.0  62.0
2014 410.500   12031 A      0    3    0   10 0.980 275.3  29.0   4.0  78.0
2014 410.500   12032 BG     0  249    0  170 0.678  65.2 272.0  12.0 -39.0
2014 410.500   12033 A      0  102    0   80 0.767  68.9 264.0  12.0 -47.0
2014 410.500   12034 B      0   18    0   30 0.949  83.8 240.0   4.0 -71.0
2014 411.500   12026 A      0    1    0   10 0.995 262.5  23.0  -8.0  85.0
2014 411.500   12027 B      0   41    0  100 0.978 285.7  14.0  14.0  76.0
2014 411.500   12032 BG     0  271    0  160 0.529  53.8 272.0  13.0 -26.0
2014 411.500   12033 A      0  172    0  110 0.619  62.1 264.0  12.0 -34.0
2014 411.500   12034 B      0  138    0  130 0.847  80.4 241.0   5.0 -57.0
2014 411.500   12035 B      0   87    0  150 0.957 103.9 224.0 -15.0 -74.0
2014 412.500   12027 A      0    4    0   60 0.999 282.8  15.0  13.0  91.0
2014 412.500   12032 BG     0  277    0  150 0.378  32.4 272.0  13.0 -12.0
2014 412.500   12033 A      0  160    0   90 0.449  48.2 264.0  12.0 -20.0
2014 412.500   12034 B      0  311    0  220 0.707  78.5 242.0   4.0 -44.0
2014 412.500   12035 BG     0  181    0  190 0.879 105.1 224.0 -16.0 -62.0
2014 413.500   12032 A      0  284    0  150 0.321 357.0 273.0  13.0   1.0
2014 413.500   12033 A      0  169    0   90 0.332  24.2 264.0  12.0  -8.0
2014 413.500   12034 BG     0  420    0  250 0.541  71.5 241.0   5.0 -31.0
2014 413.500   12035 BG     0  268    0  210 0.769 108.7 222.0 -18.0 -50.0
2014 413.500   12036 B      0   35    0   20 0.459 118.9 247.0 -18.0 -25.0
2014 413.500   12037 B      0   34    0   20 0.500 100.2 242.0 -10.0 -30.0
2014 414.500   12032 A      0  258    0  140 0.382 321.7 273.0  12.0  14.0
2014 414.500   12033 A      0  151    0   80 0.314 344.2 264.0  12.0   5.0
2014 414.500   12034 B      0  397    0  210 0.320  59.3 243.0   4.0 -16.0
2014 414.500   12035 BG     0  408    0  260 0.618 112.2 222.0 -18.0 -37.0
2014 414.500   12036 BG     0  133    0   70 0.305 135.4 246.0 -18.0 -13.0
2014 414.500   12037 B      0   57    0   30 0.279 103.0 243.0  -9.0 -16.0
2014 415.500   12032 B      0  266    0  160 0.555 301.4 274.0  12.0  29.0
2014 415.500   12033 A      0  108    0   60 0.423 314.4 263.0  12.0  18.0
2014 415.500   12034 BG     0  394    0  200 0.169  11.9 242.0   4.0  -2.0
2014 415.500   12035 BG     0  333    0  190 0.480 120.3 219.0 -19.0 -26.0
2014 415.500   12036 BG     0  527    0  270 0.217 184.4 246.0 -18.0   1.0
2014 415.500   12037 BG     0   79    0   40 0.080 139.7 242.0  -9.0  -3.0
2014 415.500   12038 B      0   26    0   30 0.895 100.7 181.0 -12.0 -64.0
2014 415.500   12039 B      0   17    0   10 0.521  19.5 217.0  24.0 -11.0
2014 415.500   12040 B      0    0    0    0 0.575  51.7 234.0  16.0 -28.0
2014 416.500   12032 A      0  158    0  110 0.695 292.0 273.0  11.0  41.0
2014 416.500   12033 A      0  130    0   80 0.580 299.6 263.0  12.0  31.0
2014 416.500   12034 B      0  485    0  250 0.238 313.2 242.0   4.0  10.0
2014 416.500   12035 BG     0  615    0  320 0.272 137.9 221.0 -17.0 -11.0
2014 416.500   12036 BG     0  853    0  450 0.318 226.3 246.0 -18.0  14.0
2014 416.500   12037 BG     0  194    0  100 0.236 249.7 245.0 -10.0  13.0
2014 416.500   12038 B      0   88    0   70 0.776 103.6 181.0 -14.0 -51.0
2014 416.500   12039 B      0   17    0   10 0.477 356.1 220.0  23.0   2.0
2014 416.500   12040 B      0   18    0   10 0.393  27.9 231.0  15.0 -11.0
2014 416.500   12041 B      0   16    0   10 0.544 239.0 262.0 -21.0  30.0
2014 416.500   12042 B      0   42    0   70 0.952  68.0 163.0  19.0 -69.0
2014 417.500   12032 A      0  111    0  110 0.862 288.5 275.0  13.0  57.0
2014 417.500   12033 A      0  106    0   80 0.747 292.7 263.0  13.0  45.0
2014 417.500   12034 B      0  494    0  280 0.469 291.3 244.0   5.0  26.0
2014 417.500   12035 BG     0  473    0  240 0.165 204.2 222.0 -14.0   4.0
2014 417.500   12036 BG     0  890    0  510 0.487 248.6 246.0 -15.0  28.0
2014 417.500   12037 BG     0  195    0  110 0.454 260.7 245.0  -9.0  27.0
2014 417.500   12038 B      0   79    0   50 0.606 104.5 181.0 -13.0 -37.0
2014 417.500   12039 B      0   16    0   10 0.567 332.2 223.0  25.0  17.0
2014 417.500   12040 B      0   18    0   10 0.366 354.7 228.0  16.0   2.0
2014 417.500   12041 B      0   14    0   10 0.695 248.1 261.0 -19.0  43.0
2014 417.500   12042 B      0  253    0  240 0.849  64.9 165.0  18.0 -54.0
2014 417.500   12043 B      0   19    0   10 0.305 250.4 235.0 -11.0  17.0
2014 418.500   12032 A      0   69    0  110 0.949 284.5 275.0  12.0  70.0
2014 418.500   12033 A      0   79    0   80 0.868 287.1 263.0  12.0  58.0
2014 418.500   12034 B      0  734    0  480 0.643 282.6 244.0   4.0  39.0
2014 418.500   12035 BGD    0  638    0  340 0.345 239.9 223.0 -15.0  18.0
2014 418.500   12036 BG     0  583    0  390 0.664 251.8 246.0 -16.0  41.0
2014 418.500   12037 BG     0  153    0  100 0.641 262.3 245.0  -9.0  40.0
2014 418.500   12038 B      0  164    0   90 0.406 110.4 182.0 -13.0 -23.0
2014 418.500   12039 B      0   15    0   10 0.652 315.1 235.0  23.0  30.0
2014 418.500   12040 B      0   17    0   10 0.437 325.3 221.0  16.0  15.0
2014 418.500   12042 B      0  315    0  230 0.727  59.1 164.0  18.0 -41.0
2014 419.500   12032 A      0   25    0  130 0.995 282.6 276.0  12.0  83.0
2014 419.500   12033 A      0   47    0   80 0.954 284.3 264.0  12.0  71.0
2014 419.500   12034 BG     0  482    0  400 0.798 280.3 245.0   5.0  52.0
2014 419.500   12035 BG     0  490    0  290 0.534 248.0 224.0 -16.0  31.0
2014 419.500   12036 BG     0  351    0  300 0.810 252.7 247.0 -17.0  54.0
2014 419.500   12037 B      0  106    0   90 0.806 261.4 247.0 -10.0  54.0
2014 419.500   12038 B      0  196    0  100 0.185 123.7 184.0 -11.0  -9.0
2014 419.500   12039 B      0   12    0   10 0.769 307.3 235.0  24.0  42.0
2014 419.500   12040 B      0   33    0   20 0.564 306.4 221.0  15.0  28.0
2014 419.500   12042 B      0  437    0  270 0.587  47.0 166.0  19.0 -27.0
2014 419.500   12044 B      0   12    0   10 0.795 111.3 141.0 -20.0 -52.0
2014 419.500   12045 A      0   22    0   50 0.974 114.5 115.0 -25.0 -78.0
2014 420.500   12033 A      0   10    0   60 0.996 281.5 264.0  11.0  84.0
2014 420.500   12034 BG     0  214    0  270 0.917 276.6 246.0   4.0  66.0
2014 420.500   12035 BG     0  289    0  200 0.689 252.1 223.0 -16.0  43.0
2014 420.500   12036 BG     0  137    0  180 0.924 253.7 248.0 -17.0  68.0
2014 420.500   12037 B      0   31    0   40 0.917 261.3 247.0 -10.0  67.0
2014 420.500   12038 B      0  158    0   80 0.134 219.7 185.0 -11.0   5.0
2014 420.500   12042 B      0  299    0  170 0.474  31.1 165.0  19.0 -15.0
2014 420.500   12044 B      0   46    0   30 0.628 115.8 143.0 -20.0 -37.0
2014 420.500   12045 B      0   46    0   50 0.884 112.2 118.0 -22.0 -62.0
2014 421.500   12034 BG     0   85    0  260 0.986 275.9 247.0   5.0  80.0
2014 421.500   12035 BG     0  308    0  290 0.846 255.4 225.0 -15.0  58.0
2014 421.500   12036 BG     0   52    0  150 0.985 253.6 248.0 -17.0  81.0
2014 421.500   12037 A      0    9    0   30 0.989 261.6 249.0  -9.0  82.0
2014 421.500   12038 B      0  168    0   90 0.349 254.7 187.0 -10.0  20.0
2014 421.500   12042 B      0  294    0  160 0.392   4.9 165.0  18.0  -2.0
2014 421.500   12044 B      0   52    0   30 0.473 126.7 143.0 -21.0 -24.0
2014 421.500   12045 B      0   65    0   50 0.752 116.4 120.0 -23.0 -47.0
2014 422.500   12034 B      0    6    0   80 0.999 275.8 244.0   6.0  92.0
2014 422.500   12035 B      0  160    0  240 0.942 257.9 223.0 -13.0  71.0
2014 422.500   12036 B      0    1    0   90 1.000 252.9 245.0 -17.0  92.0
2014 422.500   12038 BG     0  133    0   80 0.550 255.6 185.0 -12.0  33.0
2014 422.500   12042 B      0  307    0  170 0.428 334.9 163.0  18.0  11.0
2014 422.500   12044 B      0   38    0   20 0.295 146.1 142.0 -19.0 -10.0
2014 422.500   12045 B      0  124    0   80 0.631 121.0 117.0 -23.0 -36.0
2014 423.500   12035 BG     0   80    0  390 0.995 257.4 224.0 -13.0  85.0
2014 423.500   12038 BG     0  150    0  110 0.730 259.4 186.0 -11.0  47.0
2014 423.500   12042 B      0  304    0  180 0.533 313.2 163.0  17.0  24.0
2014 423.500   12044 B      0   58    0   30 0.238 163.8 136.0 -18.0  -4.0
2014 423.500   12045 B      0  174    0  100 0.489 133.1 117.0 -24.0 -23.0
2014 424.500   12038 B      0   72    0   70 0.854 261.2 185.0 -10.0  59.0
2014 424.500   12042 A      0  224    0  160 0.714 301.1 166.0  18.0  40.0
2014 424.500   12044 B      0   55    0   30 0.362 218.7 139.0 -21.0  14.0
2014 424.500   12045 B      0  222    0  120 0.375 157.8 117.0 -25.0  -9.0
2014 424.500   12046 B      0   31    0   70 0.975 253.6 204.0 -17.0  78.0
2014 425.500   12038 B      0   22    0   40 0.959 262.0 187.0  -9.0  74.0
2014 425.500   12042 B      0  152    0  140 0.838 295.0 167.0  18.0  53.0
2014 425.500   12044 B      0   34    0   20 0.513 235.6 141.0 -21.0  27.0
2014 425.500   12045 B      0  264    0  140 0.333 185.5 116.0 -24.0   2.0
2014 425.500   12046 B      0    0    0   50 1.000 254.0 205.0 -16.0  91.0
2014 426.500   12042 A      0   83    0  120 0.938 291.1 168.0  18.0  67.0
2014 426.500   12045 A      0  145    0   80 0.420 216.9 117.0 -24.0  16.0
2014 426.500   12047 B      0   11    0   10 0.833 109.8  45.0 -19.0 -56.0
2014 427.500   12042 A      0   26    0  110 0.993 289.8 168.0  19.0  81.0
2014 427.500   12045 B      0  230    0  140 0.568 230.7 116.0 -25.0  29.0
2014 427.500   12047 B      0   14    0   10 0.685 111.7  45.0 -18.0 -42.0
2014 427.500   12048 B      0   57    0   40 0.692 305.2 124.0  20.0  37.0
2014 427.500   12049 B      0  119    0  180 0.943  95.9  16.0  -7.0 -71.0
2014 427.500   12050 A      0   21    0   40 0.963  76.2  14.0  12.0 -73.0
2014 428.500   12045 A      0  139    0  100 0.717 240.3 117.0 -24.0  43.0
2014 428.500   12047 B      0  103    0   60 0.509 118.7  46.0 -18.0 -28.0
2014 428.500   12048 B      0   67    0   60 0.826 297.9 125.0  20.0  51.0
2014 428.500   12049 B      0  383    0  350 0.836  95.5  17.0  -7.0 -57.0
2014 428.500   12050 A      0   48    0   50 0.874  73.7  15.0  12.0 -59.0
2014 429.500   12045 A      0   63    0   60 0.850 244.3 118.0 -24.0  57.0
2014 429.500   12047 B      0  150    0   80 0.332 136.2  47.0 -18.0 -14.0
2014 429.500   12048 B      0   44    0   60 0.929 293.5 126.0  20.0  65.0
2014 429.500   12049 BG     0  498    0  340 0.680  95.7  18.0  -7.0 -43.0
2014 429.500   12050 A      0   40    0   30 0.738  69.5  16.0  12.0 -45.0
2014 430.500   12045 B      0   45    0   70 0.945 246.0 119.0 -24.0  71.0
2014 430.500   12047 B      0  174    0   90 0.240 176.0  47.0 -18.0  -1.0
2014 430.500   12048 B      0   15    0   50 0.988 291.0 127.0  20.0  79.0
2014 430.500   12049 BG     0  524    0  300 0.485  97.0  19.0  -7.0 -29.0
2014 430.500   12050 A      0   49    0   30 0.571  62.0  17.0  12.0 -31.0
2014 5 1.500   12045 A      0    6    0   30 0.994 246.3 120.0 -24.0  85.0
2014 5 1.500   12047 BG     0  283    0  150 0.324 221.4  48.0 -18.0  13.0
2014 5 1.500   12049 BG     0  829    0  430 0.262 101.8  20.0  -7.0 -15.0
2014 5 1.500   12050 A      0   55    0   30 0.396  46.3  18.0  12.0 -17.0
2014 5 1.500   12051 B      0   18    0   10 0.381 256.1  56.0  -9.0  22.0
2014 5 2.500   12047 BG     0  618    0  360 0.512 240.7  49.0 -18.0  28.0
2014 5 2.500   12049 BG     0  798    0  400 0.053 180.0  21.0  -7.0   0.0
2014 5 2.500   12050 A      0   76    0   40 0.287  17.3  16.0  12.0  -5.0
2014 5 2.500   12051 BGD    0  286    0  180 0.605 258.6  58.0 -10.0  37.0
2014 5 2.500   12052 B      0   26    0   20 0.755 101.1 332.0 -11.0 -49.0
2014 5 3.500   12047 BG     0  384    0  260 0.673 248.8  49.0 -17.0  41.0
2014 5 3.500   12049 B      0  713    0  360 0.133 245.4  15.0  -7.0   7.0
2014 5 3.500   12050 A      0   38    0   20 0.286 342.6  13.0  12.0   5.0
2014 5 3.500   12051 BGD    0  399    0  310 0.765 261.5  58.0  -9.0  50.0
2014 5 3.500   12052 B      0  163    0  100 0.579 103.6 333.0 -11.0 -35.0
2014 5 3.500   12053 B      0   12    0   10 0.785  74.0 318.0  10.0 -50.0
2014 5 4.500   12047 B      0  197    0  170 0.815 251.8  49.0 -17.0  54.0
2014 5 4.500   12049 BG     0  506    0  270 0.345 259.9  15.0  -7.0  20.0
2014 5 4.500   12050 A      0   36    0   20 0.416 310.1  14.0  12.0  19.0
2014 5 4.500   12051 BGD    0  159    0  180 0.897 261.8  59.0  -9.0  64.0
2014 5 4.500   12052 B      0  146    0   80 0.395 112.0 333.0 -12.0 -22.0
2014 5 4.500   12053 B      0   29    0   20 0.671  70.6 315.0  10.0 -40.0
2014 5 4.500   12054 A      0   34    0   40 0.905 101.5 290.0 -12.0 -65.0
2014 5 5.500   12047 B      0  112    0  150 0.927 253.1  50.0 -17.0  68.0
2014 5 5.500   12049 BG     0  348    0  210 0.559 262.9  16.0  -7.0  34.0
2014 5 5.500   12050 A      0   32    0   20 0.593 296.0  15.0  12.0  33.0
2014 5 5.500   12051 BGD    0   73    0  170 0.977 261.6  60.0  -9.0  78.0
2014 5 5.500   12052 B      0   97    0   50 0.200 137.0 334.0 -12.0  -8.0
2014 5 5.500   12053 B      0   87    0   50 0.489  62.0 316.0  10.0 -26.0
2014 5 5.500   12054 A      0   50    0   40 0.779 102.5 291.0 -12.0 -51.0
2014 5 5.500   12055 B      0  149    0  200 0.928  77.7 273.0  10.0 -67.0
2014 5 6.500   12047 B      0   45    0  150 0.989 253.3  50.0 -17.0  82.0
2014 5 6.500   12049 B      0  241    0  180 0.742 263.8  16.0  -7.0  48.0
2014 5 6.500   12050 A      0   13    0   10 0.757 289.2  15.0  12.0  47.0
2014 5 6.500   12051 BGD    0    8    0  170 1.000 260.9  60.0  -9.0  92.0
2014 5 6.500   12052 B      0   59    0   30 0.180 214.7 334.0 -12.0   6.0
2014 5 6.500   12053 B      0  114    0   60 0.310  41.4 316.0  10.0 -12.0
2014 5 6.500   12054 A      0   47    0   30 0.610 105.2 291.0 -12.0 -37.0
2014 5 6.500   12055 B      0  267    0  230 0.814  75.1 275.0  10.0 -53.0
2014 5 6.500   12056 B      0  180    0  270 0.942  83.4 258.0   5.0 -70.0
2014 5 7.500   12049 A      0  160    0  170 0.881 263.9  17.0  -7.0  62.0
2014 5 7.500   12050 A      0    9    0   10 0.887 285.4  16.0  12.0  61.0
2014 5 7.500   12052 A      0   18    0   10 0.368 245.5 335.0 -12.0  20.0
2014 5 7.500   12053 B      0   58    0   30 0.235 351.6 317.0  10.0   2.0
2014 5 7.500   12054 A      0   36    0   20 0.412 111.9 292.0 -12.0 -23.0
2014 5 7.500   12055 B      0  570    0  380 0.661  69.1 276.0  11.0 -39.0
2014 5 7.500   12056 BG     0  342    0  310 0.833  82.9 259.0   4.0 -56.0
2014 5 7.500   12057 A      0   62    0   80 0.920  72.1 250.0  15.0 -65.0
2014 5 8.500   12049 B      0   98    0  200 0.969 262.6  18.0  -8.0  76.0
2014 5 8.500   12050 A      0    0    0    0 0.966 283.4  16.0  12.0  74.0
2014 5 8.500   12052 B      0   16    0   10 0.542 252.9 334.0 -12.0  32.0
2014 5 8.500   12053 B      0   56    0   30 0.355 310.0 318.0  10.0  16.0
2014 5 8.500   12054 A      0   38    0   20 0.241 129.2 291.0 -12.0 -11.0
2014 5 8.500   12055 B      0  734    0  450 0.578  63.8 269.0  12.0 -32.0
2014 5 8.500   12056 BGD    0  498    0  350 0.702  80.9 258.0   4.0 -44.0
2014 5 8.500   12057 A      0   79    0   70 0.825  69.3 249.0  15.0 -53.0
2014 5 8.500   12058 A      0   36    0   50 0.932 101.6 233.0 -12.0 -69.0
2014 5 9.500   12049 B      0    4    0   90 1.000 263.1  18.0  -7.0  89.0
2014 5 9.500   12052 B      0   13    0   10 0.724 256.4 335.0 -12.0  46.0
2014 5 9.500   12053 B      0   51    0   30 0.526 294.9 318.0  10.0  29.0
2014 5 9.500   12054 A      0   19    0   10 0.161 198.5 292.0 -12.0   3.0
2014 5 9.500   12055 BG     0  972    0  530 0.398  49.3 271.0  12.0 -18.0
2014 5 9.500   12056 BG     0  730    0  430 0.527  77.1 258.0   4.0 -31.0
2014 5 9.500   12057 A      0  178    0  120 0.667  63.2 251.0  15.0 -38.0
2014 5 9.500   12058 B      0  108    0  100 0.841 104.6 232.0 -14.0 -57.0
2014 510.500   12052 B      0    9    0   10 0.866 257.9 336.0 -12.0  60.0
2014 510.500   12053 B      0   14    0   10 0.704 287.5 319.0  10.0  43.0
2014 510.500   12054 B      0   19    0   10 0.312 239.8 292.0 -12.0  16.0
2014 510.500   12055 BG     0  847    0  440 0.269  14.7 272.0  12.0  -4.0
2014 510.500   12056 BG     0  666    0  350 0.308  63.2 260.0   5.0 -16.0
2014 510.500   12057 A      0  187    0  110 0.522  54.2 250.0  15.0 -26.0
2014 510.500   12058 BG     0  194    0  140 0.718 108.0 231.0 -15.0 -45.0
2014 510.500   12059 A      0   18    0   10 0.394  82.7 253.0   0.0 -23.0
2014 511.500   12052 B      0    5    0   10 0.960 258.4 336.0 -12.0  74.0
2014 511.500   12053 A      0   10    0   10 0.849 282.5 319.0   9.0  57.0
2014 511.500   12055 B      0  725    0  380 0.300 329.3 271.0  12.0   9.0
2014 511.500   12056 BG     0  613    0  310 0.148  20.6 259.0   5.0  -3.0
2014 511.500   12057 A      0  204    0  110 0.367  33.1 250.0  15.0 -12.0
2014 511.500   12058 B      0   85    0   50 0.512 106.6 232.0 -11.0 -30.0
2014 511.500   12059 A      0   19    0   10 0.148  69.7 254.0   0.0  -8.0
2014 511.500   12060 BG     0  156    0  100 0.625 112.1 225.0 -16.0 -37.0
2014 511.500   12061 B      0   30    0   40 0.926 114.7 195.0 -24.0 -67.0
2014 511.500   12062 B      0   51    0   30 0.502 261.2 292.0  -7.0  30.0
2014 512.500   12053 A      0    6    0   10 0.938 280.7 318.0   9.0  69.0
2014 512.500   12055 B      0  588    0  330 0.454 306.5 270.0  13.0  22.0
2014 512.500   12056 B      0  586    0  300 0.207 311.2 258.0   5.0   9.0
2014 512.500   12057 A      0  210    0  110 0.290   0.0 248.0  14.0   0.0
2014 512.500   12058 A      0   19    0   10 0.292 119.4 233.0 -11.0 -15.0
2014 512.500   12059 A      0   39    0   20 0.126 284.9 255.0  -1.0   7.0
2014 512.500   12060 BG     0  325    0  180 0.428 122.6 226.0 -16.0 -22.0
2014 512.500   12061 A      0  113    0  100 0.822 117.4 195.0 -24.0 -53.0
2014 512.500   12062 B      0  117    0   80 0.682 264.3 291.0  -6.0  43.0
2014 513.500   12055 B      0  437    0  280 0.625 293.1 271.0  12.0  36.0
2014 513.500   12056 B      0  346    0  190 0.411 288.6 258.0   5.0  23.0
2014 513.500   12057 A      0  148    0   80 0.374 324.4 248.0  15.0  13.0
2014 513.500   12058 A      0   19    0   10 0.126 180.0 235.0 -10.0   0.0
2014 513.500   12060 BG     0  329    0  170 0.251 147.7 226.0 -15.0  -8.0
2014 513.500   12061 A      0  128    0   90 0.700 123.7 194.0 -25.0 -40.0
2014 513.500   12062 B      0   65    0   60 0.838 265.8 292.0  -5.0  57.0
2014 514.500   12055 B      0  309    0  250 0.786 287.5 271.0  12.0  50.0
2014 514.500   12056 BG     0  332    0  210 0.612 281.7 258.0   5.0  37.0
2014 514.500   12057 B      0  152    0   90 0.530 304.2 248.0  15.0  27.0
2014 514.500   12058 B      0   19    0   10 0.242 237.8 234.0 -10.0  12.0
2014 514.500   12060 BG     0  351    0  180 0.214 203.2 227.0 -14.0   5.0
2014 514.500   12061 A      0  150    0   90 0.547 130.1 194.0 -23.0 -27.0
2014 514.500   12062 B      0   24    0   40 0.950 264.6 294.0  -6.0  72.0
2014 514.500   12063 B      0  176    0  120 0.679  72.2 180.0  10.0 -41.0
2014 514.500   12064 B      0   17    0   10 0.470  67.5 195.0   8.0 -26.0
2014 515.500   12055 B      0  160    0  200 0.916 285.4 274.0  13.0  65.0
2014 515.500   12056 BG     0  248    0  200 0.784 279.7 259.0   6.0  51.0
2014 515.500   12057 A      0   86    0   60 0.690 296.5 249.0  16.0  40.0
2014 515.500   12058 A      0    0    0    0 0.456 250.6 235.0 -11.0  26.0
2014 515.500   12060 BG     0  297    0  160 0.370 233.9 227.0 -15.0  18.0
2014 515.500   12061 A      0  196    0  110 0.445 145.6 193.0 -24.0 -16.0
2014 515.500   12063 BG     0  253    0  150 0.536  66.8 179.0  10.0 -30.0
2014 515.500   12064 B      0   19    0   10 0.287  50.8 195.0   8.0 -13.0
2014 515.500   12065 A      0    7    0   10 0.924 109.5 142.0 -19.0 -67.0
2014 516.500   12055 B      0   62    0  150 0.978 283.8 273.0  13.0  77.0
2014 516.500   12056 BG     0  125    0  140 0.895 277.9 259.0   6.0  63.0
2014 516.500   12057 A      0   66    0   60 0.833 291.0 249.0  16.0  54.0
2014 516.500   12060 BG     0  249    0  150 0.554 248.1 228.0 -14.0  32.0
2014 516.500   12061 A      0  202    0  110 0.387 173.0 193.0 -25.0  -3.0
2014 516.500   12063 B      0  224    0  120 0.358  53.5 179.0  10.0 -17.0
2014 516.500   12064 B      0   19    0   10 0.198   0.0 196.0   9.0   0.0
2014 516.500   12065 B      0   11    0   10 0.813 111.7 143.0 -19.0 -53.0
2014 516.500   12066 B      0   38    0   20 0.235 175.9 195.0 -16.0  -1.0
2014 517.500   12055 A      0    3    0   60 1.000 283.0 274.0  13.0  91.0
2014 517.500   12056 BG     0   40    0  100 0.979 275.6 261.0   5.0  78.0
2014 517.500   12057 A      0   21    0   30 0.931 288.2 250.0  16.0  67.0
2014 517.500   12060 A      0  188    0  140 0.740 254.5 230.0 -13.0  47.0
2014 517.500   12061 A      0  165    0   90 0.388 204.3 193.0 -23.0  10.0
2014 517.500   12063 B      0  155    0   80 0.240  16.6 179.0  11.0  -4.0
2014 517.500   12065 B      0   15    0   10 0.648 115.4 145.0 -18.0 -38.0
2014 517.500   12066 B      0   76    0   40 0.298 222.3 195.0 -15.0  12.0
2014 517.500   12067 B      0    7    0   10 0.933 262.3 252.0  -8.0  69.0
2014 517.500   12068 B      0   34    0   20 0.492 121.6 157.0 -17.0 -26.0
2014 518.500   12056 BG     0    4    0  100 1.000 274.0 260.0   4.0  91.0
2014 518.500   12057 A      0    2    0   10 0.990 286.5 250.0  16.0  81.0
2014 518.500   12060 A      0  130    0  140 0.885 256.5 231.0 -13.0  62.0
2014 518.500   12061 A      0  136    0   80 0.517 223.6 192.0 -24.0  23.0
2014 518.500   12063 B      0   57    0   30 0.284 323.2 179.0  11.0  10.0
2014 518.500   12065 B      0   17    0   10 0.475 125.5 145.0 -18.0 -24.0
2014 518.500   12066 B      0  122    0   70 0.486 240.1 195.0 -16.0  26.0
2014 518.500   12067 A      0    2    0   10 0.992 261.2 252.0  -9.0  83.0
2014 518.500   12068 B      0   18    0   10 0.347 142.0 156.0 -18.0 -13.0
2014 518.500   12069 A      0   11    0   10 0.802 110.9 117.0 -18.0 -52.0
2014 519.500   12060 A      0   44    0   80 0.961 257.1 229.0 -13.0  74.0
2014 519.500   12061 A      0  134    0   90 0.664 233.4 191.0 -25.0  36.0
2014 519.500   12063 B      0   53    0   30 0.465 301.1 179.0  12.0  24.0
2014 519.500   12064 B      0   15    0   10 0.661 286.1 195.0   9.0  40.0
2014 519.500   12065 A      0   18    0   10 0.339 144.3 143.0 -18.0 -12.0
2014 519.500   12066 B      0  105    0   70 0.654 247.7 194.0 -16.0  39.0
2014 519.500   12069 A      0   14    0   10 0.666 116.7 116.0 -19.0 -39.0
2014 519.500   12070 B      0   28    0   30 0.880 252.9 216.0 -16.0  61.0
2014 519.500   12071 B      0    3    0   10 0.984 100.8  76.0 -11.0 -80.0
2014 520.500   12060 A      0    2    0   60 1.000 257.0 232.0 -13.0  89.0
2014 520.500   12061 A      0   60    0   50 0.793 239.6 192.0 -25.0  49.0
2014 520.500   12063 A      0   15    0   10 0.635 286.7 181.0   9.0  38.0
2014 520.500   12065 B      0   19    0   10 0.310 177.0 141.0 -20.0  -1.0
2014 520.500   12066 B      0   46    0   40 0.811 250.4 196.0 -17.0  53.0
2014 520.500   12068 B      0   18    0   10 0.350 229.6 159.0 -15.0  16.0
2014 520.500   12069 A      0    0    0    0 0.525 128.8 117.0 -21.0 -26.0
2014 520.500   12070 B      0    4    0   10 0.971 251.9 219.0 -18.0  76.0
2014 520.500   12071 B      0   26    0   30 0.900 102.4  79.0 -12.0 -64.0
2014 520.500   12072 A      0   18    0   10 0.330 159.7 136.0 -20.0  -7.0
2014 521.500   12061 A      0   75    0   80 0.883 243.7 189.0 -24.0  60.0
2014 521.500   12065 A      0   18    0   10 0.362 219.5 144.0 -18.0  14.0
2014 521.500   12066 B      0   33    0   40 0.911 252.1 194.0 -17.0  65.0
2014 521.500   12069 B      0   37    0   20 0.329 142.8 117.0 -17.0 -12.0
2014 521.500   12071 B      0  198    0  150 0.751 104.4  80.0 -12.0 -48.0
2014 521.500   12072 B      0   38    0   20 0.291 196.6 134.0 -18.0   5.0
2014 521.500   12073 A      0   46    0   50 0.884 101.5  66.0 -11.0 -62.0
2014 522.500   12061 A      0   52    0  100 0.965 245.6 191.0 -24.0  74.0
2014 522.500   12066 B      0    7    0   20 0.982 253.0 196.0 -17.0  79.0
2014 522.500   12071 BG     0  161    0  100 0.590 108.1  82.0 -12.0 -35.0
2014 522.500   12072 B      0   18    0   10 0.419 227.7 136.0 -18.0  19.0
2014 522.500   12073 A      0   64    0   50 0.760 103.0  68.0 -11.0 -49.0
2014 523.500   12061 A      0    5    0   60 0.999 245.0 191.0 -25.0  88.0
2014 523.500   12065 B      0   13    0   10 0.743 247.0 149.0 -18.0  46.0
2014 523.500   12071 BG     0  220    0  120 0.395 117.5  82.0 -12.0 -21.0
2014 523.500   12072 A      0    0    0    0 0.585 248.0 137.0 -14.0  34.0
2014 523.500   12073 BG     0  107    0   70 0.643 106.9  64.0 -12.0 -39.0
2014 523.500   12074 B      0   49    0   30 0.572 247.5 136.0 -14.0  33.0
2014 523.500   12075 A      0   12    0   30 0.978 100.9  25.0 -11.0 -78.0
2014 524.500   12065 BG     0   59    0   60 0.867 250.0 149.0 -18.0  59.0
2014 524.500   12071 B      0  272    0  140 0.228 143.3  82.0 -12.0  -8.0
2014 524.500   12072 B      0    0    0    0 0.725 244.9 134.0 -19.0  44.0
2014 524.500   12073 BG     0  212    0  120 0.467 113.3  64.0 -12.0 -26.0
2014 524.500   12074 B      0   81    0   60 0.733 252.2 136.0 -14.0  46.0
2014 524.500   12075 A      0   52    0   60 0.900 101.5  26.0 -11.0 -64.0
2014 525.500   12065 BGD    0  102    0  180 0.959 250.6 150.0 -19.0  73.0
2014 525.500   12071 B      0  137    0   70 0.181 202.2  81.0 -11.0   4.0
2014 525.500   12072 B      0    0    0    0 0.861 248.6 135.0 -19.0  58.0
2014 525.500   12073 BG     0  192    0  100 0.268 124.2  64.0 -10.0 -13.0
2014 525.500   12074 BG     0  116    0  120 0.873 252.4 137.0 -16.0  60.0
2014 525.500   12075 A      0  115    0   90 0.769  99.3  27.0  -8.0 -50.0
2014 526.500   12065 BG     0   20    0  180 0.998 251.0 151.0 -19.0  87.0
2014 526.500   12071 B      0   93    0   50 0.348 240.7  82.0 -11.0  18.0
2014 526.500   12072 B      0   11    0   20 0.954 250.5 136.0 -19.0  72.0
2014 526.500   12073 B      0  177    0   90 0.170 185.8  65.0 -11.0   1.0
2014 526.500   12074 B      0   48    0   90 0.963 253.7 138.0 -16.0  74.0
2014 526.500   12075 A      0  128    0   80 0.595 101.8  28.0  -8.0 -36.0
2014 527.500   12069 A      0   13    0   20 0.937 252.3 119.0 -17.0  69.0
2014 527.500   12071 B      0   49    0   30 0.556 255.4  83.0  -9.0  33.0
2014 527.500   12072 A      0    2    0   20 0.997 251.0 137.0 -19.0  86.0
2014 527.500   12073 B      0   37    0   20 0.326 230.7  65.0 -13.0  15.0
2014 527.500   12074 B      0    3    0   50 0.999 255.0 139.0 -15.0  88.0
2014 527.500   12075 A      0  126    0   70 0.425 109.0  26.0  -9.0 -24.0
2014 528.500   12069 A      0    2    0   10 0.993 253.0 120.0 -17.0  83.0
2014 528.500   12071 A      0   13    0   10 0.737 258.7  84.0  -9.0  47.0
2014 528.500   12073 B      0   34    0   20 0.517 246.0  66.0 -13.0  29.0
2014 528.500   12075 A      0  117    0   60 0.221 129.1  27.0  -9.0 -10.0
2014 528.500   12076 B      0   92    0   50 0.385 216.5  51.0 -19.0  14.0
2014 529.500   12071 A      0    9    0   10 0.877 259.1  85.0 -10.0  61.0
2014 529.500   12073 B      0   42    0   30 0.698 252.2  67.0 -13.0  43.0
2014 529.500   12075 A      0   79    0   40 0.157 206.0  28.0  -9.0   4.0
2014 529.500   12076 B      0   33    0   20 0.543 234.8  52.0 -19.0  28.0
2014 530.500   12073 B      0   35    0   30 0.809 253.2  64.0 -14.0  53.0
2014 530.500   12075 B      0   76    0   40 0.279 239.0  25.0  -9.0  14.0
2014 530.500   12076 A      0   13    0   10 0.729 244.3  54.0 -19.0  44.0
2014 530.500   12077 B      0   16    0   30 0.961  95.0 297.0  -5.0 -74.0
2014 531.500   12073 B      0    8    0   10 0.916 257.2  63.0 -12.0  66.0
2014 531.500   12075 B      0   34    0   20 0.490 250.5  25.0 -10.0  28.0
2014 531.500   12076 A      0    9    0   10 0.873 247.3  56.0 -20.0  59.0
2014 531.500   12077 B      0   97    0   90 0.839  95.5 300.0  -5.0 -57.0
2014 6 1.500   12073 A      0    0    0    0 0.985 257.9  65.0 -12.0  80.0
2014 6 1.500   12075 A      0   14    0   10 0.665 257.0  26.0  -9.0  41.0
2014 6 1.500   12077 BG     0  154    0  110 0.710  97.9 300.0  -6.0 -45.0
2014 6 1.500   12078 B      0   36    0   20 0.401 142.3 330.0 -19.0 -15.0
2014 6 1.500   12079 A      0  106    0  120 0.897  76.3 282.0  12.0 -63.0
2014 6 2.500   12075 A      0   11    0   10 0.823 259.3  26.0  -9.0  55.0
2014 6 2.500   12077 B      0  153    0   90 0.519  99.0 300.0  -5.0 -31.0
2014 6 2.500   12078 A      0   18    0   10 0.319 177.0 330.0 -19.0  -1.0
2014 6 2.500   12079 A      0  128    0  100 0.768  73.9 282.0  12.0 -49.0
2014 6 3.500   12075 A      0    7    0   10 0.935 260.5  27.0  -9.0  69.0
2014 6 3.500   12077 B      0  151    0   80 0.319 114.9 301.0  -8.0 -17.0
2014 6 3.500   12078 A      0   18    0   10 0.385 213.5 331.0 -19.0  13.0
2014 6 3.500   12079 A      0  134    0   90 0.663  71.4 278.0  12.0 -40.0
2014 6 3.500   12080 B      0   10    0   10 0.847 105.2 261.0 -13.0 -57.0
2014 6 4.500   12077 B      0  159    0   80 0.099 148.3 302.0  -5.0  -3.0
2014 6 4.500   12078 B      0   16    0   10 0.537 233.0 332.0 -19.0  27.0
2014 6 4.500   12079 A      0  158    0   90 0.478  63.9 279.0  12.0 -26.0
2014 6 4.500   12080 B      0   42    0   30 0.698 107.1 262.0 -12.0 -43.0
2014 6 4.500   12081 A      0   16    0   10 0.534  82.2 273.0   4.0 -32.0
2014 6 5.500   12077 B      0  136    0   70 0.224 247.4 303.0  -5.0  12.0
2014 6 5.500   12078 A      0    0    0    0 0.726 241.9 334.0 -20.0  43.0
2014 6 5.500   12079 A      0  209    0  110 0.303  46.5 278.0  12.0 -13.0
2014 6 5.500   12080 BG     0  200    0  120 0.550 114.1 260.0 -13.0 -31.0
2014 6 5.500   12081 A      0    0    0    0 0.336  74.8 272.0   5.0 -19.0
2014 6 5.500   12082 B      0   29    0   20 0.669  64.0 252.0  17.0 -39.0
2014 6 5.500   12083 B      0    9    0   10 0.888 256.5 353.0 -12.0  62.0
2014 6 6.500   12077 B      0  164    0   90 0.412 260.1 302.0  -4.0  24.0
2014 6 6.500   12078 A      0    0    0    0 0.859 246.5 335.0 -20.0  57.0
2014 6 6.500   12079 A      0  176    0   90 0.207   0.0 278.0  12.0   0.0
2014 6 6.500   12080 BGD    0  297    0  160 0.368 124.7 260.0 -12.0 -18.0
2014 6 6.500   12082 BG     0  292    0  170 0.510  55.2 252.0  17.0 -26.0
2014 6 6.500   12083 B      0    4    0   10 0.972 257.6 354.0 -12.0  76.0
2014 6 6.500   12084 B      0   19    0   10 0.304 226.4 291.0 -12.0  13.0
2014 6 6.500   12085 BG     0   34    0   20 0.523 133.4 254.0 -21.0 -24.0
2014 6 7.500   12077 B      0  125    0   80 0.618 263.3 303.0  -4.0  38.0
2014 6 7.500   12079 A      0  190    0  100 0.300 312.9 278.0  12.0  13.0
2014 6 7.500   12080 BGD    0  448    0  230 0.222 162.1 261.0 -12.0  -4.0
2014 6 7.500   12082 BG     0  602    0  320 0.338  36.3 253.0  16.0 -12.0
2014 6 7.500   12083 A      0    0    0   10 1.000 258.0 356.0 -12.0  91.0
2014 6 7.500   12084 B      0   51    0   30 0.505 245.3 293.0 -12.0  28.0
2014 6 7.500   12085 BG     0  330    0  180 0.396 155.8 255.0 -21.0 -10.0
2014 6 8.500   12077 B      0   98    0   80 0.789 264.7 304.0  -4.0  52.0
2014 6 8.500   12079 B      0  206    0  120 0.508 295.7 280.0  13.0  28.0
2014 6 8.500   12080 BGD    0  656    0  340 0.262 215.7 261.0 -12.0   9.0
2014 6 8.500   12082 B      0  538    0  280 0.272 352.9 254.0  16.0   2.0
2014 6 8.500   12084 B      0   14    0   10 0.688 252.1 294.0 -12.0  42.0
2014 6 8.500   12085 BG     0  561    0  300 0.351 188.1 255.0 -20.0   3.0
2014 6 9.500   12077 A      0   24    0   30 0.914 266.5 304.0  -3.0  66.0
2014 6 9.500   12079 B      0  159    0  110 0.688 288.6 281.0  13.0  42.0
2014 6 9.500   12080 BGD    0  539    0  300 0.438 240.7 262.0 -12.0  23.0
2014 6 9.500   12082 B      0  392    0  210 0.355 319.1 252.0  16.0  14.0
2014 6 9.500   12084 B      0   10    0   10 0.838 255.3 295.0 -12.0  56.0
2014 6 9.500   12085 BGD    0 1513    0  840 0.435 216.6 254.0 -20.0  16.0
2014 6 9.500   12086 B      0   18    0   10 0.361  82.8 217.0   3.0 -21.0
2014 610.500   12077 A      0    6    0   20 0.985 265.8 305.0  -4.0  80.0
2014 610.500   12079 B      0  120    0  110 0.837 285.2 281.0  13.0  56.0
2014 610.500   12080 BGD    0  505    0  320 0.614 249.4 261.0 -12.0  36.0
2014 610.500   12082 B      0  376    0  220 0.518 298.9 253.0  15.0  28.0
2014 610.500   12084 B      0    6    0   10 0.943 257.1 295.0 -12.0  70.0
2014 610.500   12085 BG     0  745    0  460 0.586 233.3 255.0 -20.0  30.0
2014 610.500   12087 BD     0   61    0  100 0.952 109.1 154.0 -18.0 -71.0
2014 611.500   12079 B      0   84    0  120 0.936 283.6 281.0  13.0  69.0
2014 611.500   12080 BGD    0  452    0  360 0.778 255.2 262.0 -11.0  50.0
2014 611.500   12082 B      0  317    0  220 0.693 291.2 254.0  15.0  42.0
2014 611.500   12084 A      0    2    0   10 0.989 256.7 293.0 -13.0  81.0
2014 611.500   12085 BG     0  655    0  480 0.730 241.4 255.0 -20.0  43.0
2014 611.500   12087 BG     0  190    0  180 0.849 111.8 156.0 -18.0 -56.0
2014 611.500   12088 B      0   32    0   20 0.571 249.4 245.0 -11.0  33.0
2014 611.500   12089 B      0   36    0   20 0.397  41.3 196.0  18.0 -16.0
2014 611.500   12090 A      0   62    0   80 0.920  64.1 147.0  24.0 -65.0
