time,LymanAlpha,type
1997001,3.48,1
1997002,3.51,1
1997003,3.55,1
1997004,3.58,1
1997005,3.58,1
1997006,3.58,1
1997007,3.58,1
1997008,3.61,1
1997009,3.64,1
1997010,3.66,1
1997011,3.66,1
1997012,3.67,1
1997013,3.68,1
1997014,3.68,1
1997015,3.69,1
1997016,3.70,1
1997017,3.69,1
1997018,3.66,1
1997019,3.64,1
1997020,3.63,1
1997021,3.60,1
1997022,3.58,1
1997023,3.57,1
1997024,3.55,1
1997025,3.55,1
1997026,3.53,1
1997027,3.54,1
1997028,3.55,1
1997029,3.56,1
1997030,3.57,1
1997031,3.58,1
1997032,3.60,1
1997033,3.64,1
1997034,3.66,1
1997035,3.66,1
1997036,3.65,1
1997037,3.65,1
1997038,3.67,1
1997039,3.69,1
1997040,3.69,1
1997041,3.68,1
1997042,3.66,1
1997043,3.64,1
1997044,3.62,1
1997045,3.60,1
1997046,3.57,1
1997047,3.54,1
1997048,3.54,1
1997049,3.56,1
1997050,3.56,1
1997051,3.56,1
1997052,3.57,1
1997053,3.59,1
1997054,3.61,1
1997055,3.62,1
1997056,3.64,1
1997057,3.65,1
1997058,3.66,1
1997059,3.64,1
1997060,3.62,1
1997061,3.60,1
1997062,3.63,1
1997063,3.64,1
1997064,3.64,1
1997065,3.65,1
1997066,3.66,1
1997067,3.66,1
1997068,3.67,1
1997069,3.67,1
1997070,3.67,1
1997071,3.68,1
1997072,3.68,1
1997073,3.68,1
1997074,3.67,1
1997075,3.65,1
1997076,3.63,1
1997077,3.60,1
1997078,3.58,1
1997079,3.55,1
1997080,3.54,1
1997081,3.52,1
1997082,3.51,1
1997083,3.50,1
1997084,3.50,1
1997085,3.51,1
1997086,3.53,1
1997087,3.56,1
1997088,3.57,1
1997089,3.58,1
1997090,3.57,1
1997091,3.59,1
1997092,3.63,1
1997093,3.67,1
1997094,3.70,1
1997095,3.71,1
1997096,3.72,1
1997097,3.73,1
1997098,3.74,1
1997099,3.74,1
1997100,3.74,1
1997101,3.73,1
1997102,3.70,1
1997103,3.67,1
1997104,3.63,1
1997105,3.61,1
1997106,3.58,1
1997107,3.58,1
1997108,3.57,1
1997109,3.56,1
1997110,3.56,1
1997111,3.55,1
1997112,3.54,1
1997113,3.54,1
1997114,3.55,1
1997115,3.58,1
1997116,3.61,1
1997117,3.64,1
1997118,3.64,1
1997119,3.65,1
1997120,3.66,1
1997121,3.68,1
1997122,3.70,1
1997123,3.71,1
1997124,3.71,1
1997125,3.71,1
1997126,3.71,1
1997127,3.71,1
1997128,3.69,1
1997129,3.65,1
1997130,3.61,1
1997131,3.57,1
1997132,3.55,1
1997133,3.53,1
1997134,3.54,1
1997135,3.54,1
1997136,3.54,1
1997137,3.55,1
1997138,3.55,1
1997139,3.57,1
1997140,3.59,1
1997141,3.63,1
1997142,3.65,1
1997143,3.64,1
1997144,3.64,1
1997145,3.67,1
1997146,3.71,1
1997147,3.74,1
1997148,3.77,1
1997149,3.80,1
1997150,3.81,1
1997151,3.80,1
1997152,3.79,1
1997153,3.77,1
1997154,3.76,1
1997155,3.71,1
1997156,3.65,1
1997157,3.60,1
1997158,3.58,1
1997159,3.56,1
1997160,3.55,1
1997161,3.54,1
1997162,3.55,1
1997163,3.56,1
1997164,3.57,1
1997165,3.57,1
1997166,3.57,1
1997167,3.56,1
1997168,3.57,1
1997169,3.58,1
1997170,3.58,1
1997171,3.60,1
1997172,3.63,1
1997173,3.67,1
1997174,3.68,1
1997175,3.67,1
1997176,3.68,1
1997177,3.69,1
1997178,3.70,1
1997179,3.71,1
1997180,3.69,1
1997181,3.68,1
1997182,3.67,1
1997183,3.66,1
1997184,3.65,1
1997185,3.64,1
1997186,3.63,1
1997187,3.63,1
1997188,3.63,1
1997189,3.63,1
1997190,3.62,1
1997191,3.59,1
1997192,3.56,1
1997193,3.54,1
1997194,3.53,1
1997195,3.53,1
1997196,3.54,1
1997197,3.56,1
1997198,3.59,1
1997199,3.61,1
1997200,3.61,1
1997201,3.59,1
1997202,3.59,1
1997203,3.60,1
1997204,3.61,1
1997205,3.64,1
1997206,3.65,1
1997207,3.65,1
1997208,3.62,1
1997209,3.60,1
1997210,3.58,1
1997211,3.57,1
1997212,3.56,1
1997213,3.56,1
1997214,3.56,1
1997215,3.56,1
1997216,3.57,1
1997217,3.61,1
1997218,3.64,1
1997219,3.68,1
1997220,3.69,1
1997221,3.69,1
1997222,3.69,1
1997223,3.71,1
1997224,3.74,1
1997225,3.73,1
1997226,3.70,1
1997227,3.66,1
1997228,3.65,1
1997229,3.65,1
1997230,3.64,1
1997231,3.63,1
1997232,3.62,1
1997233,3.62,1
1997234,3.61,1
1997235,3.62,1
1997236,3.63,1
1997237,3.66,1
1997238,3.68,1
1997239,3.72,1
1997240,3.74,1
1997241,3.79,1
1997242,3.84,1
1997243,3.89,1
1997244,3.90,1
1997245,3.90,1
1997246,3.91,1
1997247,3.89,1
1997248,3.86,1
1997249,3.83,1
1997250,3.82,1
1997251,3.84,1
1997252,3.87,1
1997253,3.88,1
1997254,3.87,1
1997255,3.87,1
1997256,3.87,1
1997257,3.87,1
1997258,3.85,1
1997259,3.83,1
1997260,3.79,1
1997261,3.76,1
1997262,3.75,1
1997263,3.76,1
1997264,3.78,1
1997265,3.80,1
1997266,3.84,1
1997267,3.86,1
1997268,3.86,1
1997269,3.86,1
1997270,3.86,1
1997271,3.85,1
1997272,3.86,1
1997273,3.87,1
1997274,3.88,1
1997275,3.86,1
1997276,3.84,1
1997277,3.83,1
1997278,3.82,1
1997279,3.82,1
1997280,3.84,1
1997281,3.87,1
1997282,3.89,1
1997283,3.89,1
1997284,3.88,1
1997285,3.86,1
1997286,3.84,1
1997287,3.79,1
1997288,3.76,1
1997289,3.74,1
1997290,3.74,1
1997291,3.74,1
1997292,3.73,1
1997293,3.70,1
1997294,3.67,1
1997295,3.67,1
1997296,3.67,1
1997297,3.68,1
1997298,3.67,1
1997299,3.69,1
1997300,3.73,1
1997301,3.77,1
1997302,3.80,1
1997303,3.83,1
1997304,3.85,1
1997305,3.88,1
1997306,3.90,1
1997307,3.93,1
1997308,3.97,1
1997309,3.97,1
1997310,3.95,1
1997311,3.92,1
1997312,3.92,1
1997313,3.94,1
1997314,3.92,1
1997315,3.89,1
1997316,3.84,1
1997317,3.82,1
1997318,3.83,1
1997319,3.85,1
1997320,3.89,1
1997321,3.90,1
1997322,3.90,1
1997323,3.91,1
1997324,3.91,1
1997325,3.94,1
1997326,3.97,1
1997327,4.02,1
1997328,4.04,1
1997329,4.05,1
1997330,4.07,1
1997331,4.11,1
1997332,4.16,1
1997333,4.19,1
1997334,4.20,1
1997335,4.22,1
1997336,4.21,1
1997337,4.14,1
1997338,4.05,1
1997339,3.99,1
1997340,3.97,1
1997341,3.96,1
1997342,3.93,1
1997343,3.90,1
1997344,3.87,1
1997345,3.86,1
1997346,3.84,1
1997347,3.82,1
1997348,3.82,1
1997349,3.81,1
1997350,3.79,1
1997351,3.75,1
1997352,3.72,1
1997353,3.74,1
1997354,3.78,1
1997355,3.81,1
1997356,3.82,1
1997357,3.84,1
1997358,3.89,1
1997359,3.95,1
1997360,4.00,1
1997361,4.05,1
1997362,4.06,1
1997363,4.03,1
1997364,4.01,1
1997365,3.98,1
1998001,3.97,1
1998002,3.94,1
1998003,3.91,1
1998004,3.86,1
1998005,3.83,1
1998006,3.80,1
1998007,3.79,1
1998008,3.77,1
1998009,3.76,1
1998010,3.76,1
1998011,3.80,1
1998012,3.83,1
1998013,3.84,1
1998014,3.84,1
1998015,3.86,1
1998016,3.92,1
1998017,3.96,1
1998018,4.00,1
1998019,4.00,1
1998020,4.02,1
1998021,4.04,1
1998022,4.04,1
1998023,4.07,1
1998024,4.10,1
1998025,4.17,1
1998026,4.19,1
1998027,4.20,1
1998028,4.15,1
1998029,4.09,1
1998030,4.01,1
1998031,3.96,1
1998032,3.92,1
1998033,3.91,1
1998034,3.90,1
1998035,3.89,1
1998036,3.89,1
1998037,3.91,1
1998038,3.91,1
1998039,3.89,1
1998040,3.88,1
1998041,3.91,1
1998042,3.92,1
1998043,3.93,1
1998044,3.95,1
1998045,4.00,1
1998046,4.01,1
1998047,4.02,1
1998048,4.03,1
1998049,4.05,1
1998050,4.05,1
1998051,4.05,1
1998052,4.06,1
1998053,4.07,1
1998054,4.05,1
1998055,4.03,1
1998056,4.00,1
1998057,3.98,1
1998058,3.97,1
1998059,3.95,1
1998060,3.91,1
1998061,3.87,1
1998062,3.84,1
1998063,3.82,1
1998064,3.80,1
1998065,3.78,1
1998066,3.75,1
1998067,3.76,1
1998068,3.78,1
1998069,3.84,1
1998070,3.88,1
1998071,3.91,1
1998072,3.93,1
1998073,3.97,1
1998074,4.00,1
1998075,4.01,1
1998076,4.01,1
1998077,4.04,1
1998078,4.07,1
1998079,4.11,1
1998080,4.12,1
1998081,4.13,1
1998082,4.12,1
1998083,4.12,1
1998084,4.12,1
1998085,4.11,1
1998086,4.07,1
1998087,4.04,1
1998088,3.99,1
1998089,3.98,1
1998090,3.96,1
1998091,3.94,1
1998092,3.94,1
1998093,3.93,1
1998094,3.96,1
1998095,4.01,1
1998096,4.10,1
1998097,4.19,1
1998098,4.28,1
1998099,4.36,1
1998100,4.42,1
1998101,4.43,1
1998102,4.43,1
1998103,4.41,1
1998104,4.36,1
1998105,4.26,1
1998106,4.16,1
1998107,4.08,1
1998108,4.02,1
1998109,3.96,1
1998110,3.93,1
1998111,3.91,1
1998112,3.90,1
1998113,3.89,1
1998114,3.89,1
1998115,3.90,1
1998116,3.91,1
1998117,3.92,1
1998118,3.94,1
1998119,3.96,1
1998120,3.98,1
1998121,4.01,1
1998122,4.05,1
1998123,4.10,1
1998124,4.17,1
1998125,4.23,1
1998126,4.24,1
1998127,4.22,1
1998128,4.20,1
1998129,4.20,1
1998130,4.22,1
1998131,4.24,1
1998132,4.26,1
1998133,4.28,1
1998134,4.28,1
1998135,4.25,1
1998136,4.20,1
1998137,4.14,1
1998138,4.08,1
1998139,4.03,1
1998140,4.01,1
1998141,4.01,1
1998142,4.00,1
1998143,3.97,1
1998144,3.95,1
1998145,3.94,1
1998146,3.95,1
1998147,3.97,1
1998148,3.98,1
1998149,4.00,1
1998150,4.01,1
1998151,4.01,1
1998152,4.00,1
1998153,4.02,1
1998154,4.09,1
1998155,4.18,1
1998156,4.23,1
1998157,4.27,1
1998158,4.28,1
1998159,4.30,1
1998160,4.29,1
1998161,4.26,1
1998162,4.23,1
1998163,4.19,1
1998164,4.18,1
1998165,4.16,1
1998166,4.18,1
1998167,4.19,1
1998168,4.20,1
1998169,4.18,1
1998170,4.17,1
1998171,4.13,1
1998172,4.11,1
1998173,4.05,1
1998174,4.01,1
1998175,3.98,1
1998176,3.98,1
1998177,4.03,1
1998178,4.07,1
1998179,4.14,1
1998180,4.21,1
1998181,4.30,1
1998182,4.37,1
1998183,4.42,1
1998184,4.49,1
1998185,4.54,1
1998186,4.56,1
1998187,4.52,1
1998188,4.48,1
1998189,4.47,1
1998190,4.44,1
1998191,4.41,1
1998192,4.39,1
1998193,4.39,1
1998194,4.39,1
1998195,4.37,1
1998196,4.34,1
1998197,4.31,1
1998198,4.27,1
1998199,4.24,1
1998200,4.23,1
1998201,4.22,1
1998202,4.19,1
1998203,4.16,1
1998204,4.14,1
1998205,4.14,1
1998206,4.16,1
1998207,4.18,1
1998208,4.22,1
1998209,4.27,1
1998210,4.32,1
1998211,4.38,1
1998212,4.42,1
1998213,4.46,1
1998214,4.47,1
1998215,4.49,1
1998216,4.50,1
1998217,4.50,1
1998218,4.52,1
1998219,4.57,1
1998220,4.62,1
1998221,4.64,1
1998222,4.59,1
1998223,4.52,1
1998224,4.45,1
1998225,4.39,1
1998226,4.32,1
1998227,4.30,1
1998228,4.28,1
1998229,4.28,1
1998230,4.29,1
1998231,4.27,1
1998232,4.31,1
1998233,4.34,1
1998234,4.41,1
1998235,4.48,1
1998236,4.54,1
1998237,4.61,1
1998238,4.66,1
1998239,4.70,1
1998240,4.71,1
1998241,4.75,1
1998242,4.75,1
1998243,4.74,1
1998244,4.67,1
1998245,4.60,1
1998246,4.54,1
1998247,4.54,1
1998248,4.57,1
1998249,4.62,1
1998250,4.63,1
1998251,4.61,1
1998252,4.56,1
1998253,4.51,1
1998254,4.46,1
1998255,4.42,1
1998256,4.36,1
1998257,4.32,1
1998258,4.28,1
1998259,4.29,1
1998260,4.31,1
1998261,4.38,1
1998262,4.43,1
1998263,4.51,1
1998264,4.54,1
1998265,4.59,1
1998266,4.57,1
1998267,4.56,1
1998268,4.55,1
1998269,4.54,1
1998270,4.52,1
1998271,4.49,1
1998272,4.46,1
1998273,4.44,1
1998274,4.43,1
1998275,4.45,1
1998276,4.48,1
1998277,4.50,1
1998278,4.52,1
1998279,4.52,1
1998280,4.51,1
1998281,4.51,1
1998282,4.49,1
1998283,4.47,1
1998284,4.43,1
1998285,4.40,1
1998286,4.39,1
1998287,4.39,1
1998288,4.43,1
1998289,4.48,1
1998290,4.50,1
1998291,4.47,1
1998292,4.44,1
1998293,4.39,1
1998294,4.34,1
1998295,4.29,1
1998296,4.27,1
1998297,4.26,1
1998298,4.26,1
1998299,4.25,1
1998300,4.24,1
1998301,4.25,1
1998302,4.32,1
1998303,4.40,1
1998304,4.49,1
1998305,4.52,1
1998306,4.55,1
1998307,4.64,1
1998308,4.79,1
1998309,4.90,1
1998310,4.89,1
1998311,4.81,1
1998312,4.72,1
1998313,4.63,1
1998314,4.56,1
1998315,4.51,1
1998316,4.51,1
1998317,4.51,1
1998318,4.51,1
1998319,4.48,1
1998320,4.42,1
1998321,4.37,1
1998322,4.36,1
1998323,4.39,1
1998324,4.39,1
1998325,4.35,1
1998326,4.32,1
1998327,4.34,1
1998328,4.42,1
1998329,4.53,1
1998330,4.65,1
1998331,4.76,1
1998332,4.83,1
1998333,4.86,1
1998334,4.91,1
1998335,4.97,1
1998336,5.00,1
1998337,4.96,1
1998338,4.86,1
1998339,4.75,1
1998340,4.65,1
1998341,4.61,1
1998342,4.58,1
1998343,4.55,1
1998344,4.53,1
1998345,4.50,1
1998346,4.48,1
1998347,4.46,1
1998348,4.44,1
1998349,4.45,1
1998350,4.48,1
1998351,4.49,1
1998352,4.47,1
1998353,4.44,1
1998354,4.43,1
1998355,4.46,1
1998356,4.51,1
1998357,4.54,1
1998358,4.56,1
1998359,4.49,1
1998360,4.50,1
1998361,4.54,1
1998362,4.66,1
1998363,4.74,1
1998364,4.81,1
1998365,4.84,1
1999001,4.77,1
1999002,4.69,1
1999003,4.62,1
1999004,4.58,1
1999005,4.54,1
1999006,4.49,1
1999007,4.44,1
1999008,4.36,1
1999009,4.33,1
1999010,4.30,1
1999011,4.33,1
1999012,4.37,1
1999013,4.43,1
1999014,4.48,1
1999015,4.54,1
1999016,4.61,1
1999017,4.69,1
1999018,4.78,1
1999019,4.89,1
1999020,4.99,1
1999021,5.04,1
1999022,5.04,1
1999023,5.05,1
1999024,5.02,1
1999025,4.97,1
1999026,4.94,1
1999027,4.91,1
1999028,4.89,1
1999029,4.82,1
1999030,4.76,1
1999031,4.69,1
1999032,4.59,1
1999033,4.47,1
1999034,4.38,1
1999035,4.31,1
1999036,4.27,1
1999037,4.23,1
1999038,4.23,1
1999039,4.26,1
1999040,4.33,1
1999041,4.42,1
1999042,4.53,1
1999043,4.66,1
1999044,4.83,1
1999045,4.95,1
1999046,5.05,1
1999047,5.10,1
1999048,5.14,1
1999049,5.11,1
1999050,5.07,1
1999051,4.98,1
1999052,4.87,1
1999053,4.76,1
1999054,4.70,1
1999055,4.66,1
1999056,4.62,1
1999057,4.54,1
1999058,4.46,1
1999059,4.37,1
1999060,4.35,1
1999061,4.33,1
1999062,4.31,1
1999063,4.28,1
1999064,4.28,1
1999065,4.30,1
1999066,4.35,1
1999067,4.41,1
1999068,4.49,1
1999069,4.60,1
1999070,4.70,1
1999071,4.77,1
1999072,4.83,1
1999073,4.89,1
1999074,4.93,1
1999075,4.93,1
1999076,4.91,1
1999077,4.84,1
1999078,4.76,1
1999079,4.65,1
1999080,4.55,1
1999081,4.48,1
1999082,4.45,1
1999083,4.40,1
1999084,4.35,1
1999085,4.30,1
1999086,4.31,1
1999087,4.33,1
1999088,4.35,1
1999089,4.34,1
1999090,4.33,1
1999091,4.28,1
1999092,4.27,1
1999093,4.27,1
1999094,4.32,1
1999095,4.37,1
1999096,4.44,1
1999097,4.51,1
1999098,4.57,1
1999099,4.64,1
1999100,4.70,1
1999101,4.77,1
1999102,4.81,1
1999103,4.79,1
1999104,4.73,1
1999105,4.63,1
1999106,4.54,1
1999107,4.47,1
1999108,4.40,1
1999109,4.34,1
1999110,4.27,1
1999111,4.21,1
1999112,4.17,1
1999113,4.16,1
1999114,4.17,1
1999115,4.17,1
1999116,4.18,1
1999117,4.20,1
1999118,4.24,1
1999119,4.27,1
1999120,4.30,1
1999121,4.38,1
1999122,4.45,1
1999123,4.53,1
1999124,4.58,1
1999125,4.65,1
1999126,4.77,1
1999127,4.90,1
1999128,5.00,1
1999129,5.03,1
1999130,5.01,1
1999131,4.96,1
1999132,4.93,1
1999133,4.87,1
1999134,4.80,1
1999135,4.73,1
1999136,4.65,1
1999137,4.56,1
1999138,4.47,1
1999139,4.42,1
1999140,4.40,1
1999141,4.41,1
1999142,4.43,1
1999143,4.45,1
1999144,4.50,1
1999145,4.53,1
1999146,4.58,1
1999147,4.60,1
1999148,4.69,1
1999149,4.74,1
1999150,4.81,1
1999151,4.86,1
1999152,4.93,1
1999153,4.98,1
1999154,5.01,1
1999155,5.02,1
1999156,5.01,1
1999157,4.98,1
1999158,4.94,1
1999159,4.90,1
1999160,4.87,1
1999161,4.85,1
1999162,4.89,1
1999163,4.87,1
1999164,4.84,1
1999165,4.74,1
1999166,4.67,1
1999167,4.62,1
1999168,4.58,1
1999169,4.57,1
1999170,4.57,1
1999171,4.58,1
1999172,4.61,1
1999173,4.70,1
1999174,4.83,4
1999175,4.97,4
1999176,5.08,4
1999177,5.18,4
1999178,5.26,4
1999179,5.31,4
1999180,5.34,4
1999181,5.34,4
1999182,5.35,1
1999183,5.34,1
1999184,5.32,1
1999185,5.27,1
1999186,5.17,1
1999187,5.09,1
1999188,5.04,1
1999189,5.04,1
1999190,5.02,1
1999191,4.95,1
1999192,4.87,1
1999193,4.79,1
1999194,4.73,1
1999195,4.67,1
1999196,4.62,1
1999197,4.58,1
1999198,4.57,1
1999199,4.57,1
1999200,4.59,1
1999201,4.62,1
1999202,4.64,1
1999203,4.65,1
1999204,4.67,1
1999205,4.71,1
1999206,4.75,1
1999207,4.83,1
1999208,4.96,1
1999209,5.13,1
1999210,5.27,1
1999211,5.32,1
1999212,5.32,1
1999213,5.28,1
1999214,5.27,1
1999215,5.24,1
1999216,5.17,1
1999217,5.08,1
1999218,4.96,1
1999219,4.88,1
1999220,4.79,1
1999221,4.70,1
1999222,4.58,1
1999223,4.49,1
1999224,4.46,1
1999225,4.48,1
1999226,4.50,1
1999227,4.49,1
1999228,4.49,1
1999229,4.50,1
1999230,4.52,1
1999231,4.55,1
1999232,4.61,1
1999233,4.73,1
1999234,4.87,1
1999235,4.99,1
1999236,5.05,1
1999237,5.15,1
1999238,5.22,1
1999239,5.33,1
1999240,5.38,1
1999241,5.40,1
1999242,5.39,1
1999243,5.34,1
1999244,5.27,1
1999245,5.15,1
1999246,5.03,1
1999247,4.92,1
1999248,4.80,1
1999249,4.69,1
1999250,4.60,1
1999251,4.55,1
1999252,4.54,1
1999253,4.54,1
1999254,4.57,1
1999255,4.60,1
1999256,4.64,1
1999257,4.67,1
1999258,4.67,1
1999259,4.70,1
1999260,4.71,1
1999261,4.73,1
1999262,4.74,1
1999263,4.77,1
1999264,4.81,1
1999265,4.84,1
1999266,4.86,1
1999267,4.84,1
1999268,4.79,1
1999269,4.75,1
1999270,4.73,1
1999271,4.72,1
1999272,4.69,1
1999273,4.66,1
1999274,4.65,1
1999275,4.66,1
1999276,4.70,1
1999277,4.75,1
1999278,4.82,1
1999279,4.86,1
1999280,4.91,1
1999281,4.92,1
1999282,4.95,1
1999283,4.94,1
1999284,4.96,1
1999285,4.97,1
1999286,4.98,1
1999287,4.99,1
1999288,4.96,1
1999289,4.93,1
1999290,4.91,1
1999291,4.89,1
1999292,4.84,1
1999293,4.77,1
1999294,4.71,1
1999295,4.66,1
1999296,4.64,1
1999297,4.64,1
1999298,4.70,1
1999299,4.77,1
1999300,4.82,1
1999301,4.88,1
1999302,4.97,1
1999303,5.06,1
1999304,5.09,1
1999305,5.06,1
1999306,5.00,1
1999307,4.95,1
1999308,4.93,1
1999309,4.92,1
1999310,4.97,1
1999311,5.00,1
1999312,5.08,1
1999313,5.16,1
1999314,5.30,1
1999315,5.40,1
1999316,5.44,1
1999317,5.47,1
1999318,5.44,1
1999319,5.42,1
1999320,5.36,1
1999321,5.32,1
1999322,5.31,1
1999323,5.31,1
1999324,5.34,1
1999325,5.37,1
1999326,5.36,1
1999327,5.33,1
1999328,5.28,1
1999329,5.22,1
1999330,5.13,1
1999331,5.03,1
1999332,4.95,1
1999333,4.88,1
1999334,4.84,1
1999335,4.83,1
1999336,4.81,1
1999337,4.78,1
1999338,4.76,1
1999339,4.76,1
1999340,4.80,1
1999341,4.86,1
1999342,4.95,1
1999343,5.05,1
1999344,5.13,1
1999345,5.19,1
1999346,5.21,1
1999347,5.22,1
1999348,5.24,1
1999349,5.25,1
1999350,5.27,1
1999351,5.29,1
1999352,5.34,1
1999353,5.37,1
1999354,5.34,1
1999355,5.24,1
1999356,5.10,1
1999357,5.04,1
1999358,4.97,1
1999359,4.92,1
1999360,4.81,1
1999361,4.71,1
1999362,4.62,1
1999363,4.55,1
1999364,4.54,1
1999365,4.55,1
2000001,4.59,1
2000002,4.61,1
2000003,4.64,1
2000004,4.69,1
2000005,4.78,1
2000006,4.85,1
2000007,4.96,1
2000008,5.04,1
2000009,5.12,1
2000010,5.16,1
2000011,5.22,1
2000012,5.31,1
2000013,5.39,1
2000014,5.49,1
2000015,5.54,1
2000016,5.57,1
2000017,5.53,1
2000018,5.48,1
2000019,5.40,1
2000020,5.32,1
2000021,5.19,1
2000022,5.06,1
2000023,4.94,1
2000024,4.87,1
2000025,4.81,1
2000026,4.75,1
2000027,4.73,1
2000028,4.73,1
2000029,4.75,1
2000030,4.80,1
2000031,4.87,1
2000032,4.94,1
2000033,4.98,1
2000034,5.03,1
2000035,5.12,1
2000036,5.21,1
2000037,5.29,1
2000038,5.38,1
2000039,5.47,1
2000040,5.51,1
2000041,5.50,1
2000042,5.46,1
2000043,5.46,1
2000044,5.45,1
2000045,5.43,1
2000046,5.33,1
2000047,5.20,1
2000048,5.07,1
2000049,4.98,1
2000050,4.92,1
2000051,4.86,1
2000052,4.82,1
2000053,4.78,1
2000054,4.76,1
2000055,4.82,1
2000056,4.94,1
2000057,5.10,1
2000058,5.26,1
2000059,5.37,1
2000060,5.47,1
2000061,5.51,1
2000062,5.54,1
2000063,5.53,1
2000064,5.53,1
2000065,5.54,1
2000066,5.53,1
2000067,5.47,1
2000068,5.42,1
2000069,5.37,1
2000070,5.36,1
2000071,5.38,1
2000072,5.40,1
2000073,5.39,1
2000074,5.30,1
2000075,5.17,1
2000076,5.08,1
2000077,5.03,1
2000078,5.04,1
2000079,5.07,1
2000080,5.14,1
2000081,5.20,1
2000082,5.27,1
2000083,5.35,1
2000084,5.45,1
2000085,5.56,1
2000086,5.65,1
2000087,5.72,1
2000088,5.76,1
2000089,5.76,1
2000090,5.75,1
2000091,5.75,1
2000092,5.75,1
2000093,5.76,1
2000094,5.72,1
2000095,5.64,1
2000096,5.56,1
2000097,5.47,1
2000098,5.42,1
2000099,5.39,1
2000100,5.38,1
2000101,5.37,1
2000102,5.37,1
2000103,5.39,1
2000104,5.41,1
2000105,5.36,1
2000106,5.29,1
2000107,5.21,1
2000108,5.19,1
2000109,5.17,1
2000110,5.20,1
2000111,5.23,1
2000112,5.27,1
2000113,5.30,1
2000114,5.34,1
2000115,5.37,1
2000116,5.37,1
2000117,5.36,1
2000118,5.31,1
2000119,5.28,1
2000120,5.24,1
2000121,5.20,1
2000122,5.14,1
2000123,5.06,1
2000124,5.01,1
2000125,4.98,1
2000126,4.97,1
2000127,4.98,1
2000128,5.01,1
2000129,5.06,1
2000130,5.13,1
2000131,5.22,1
2000132,5.33,1
2000133,5.42,1
2000134,5.49,1
2000135,5.56,1
2000136,5.63,1
2000137,5.70,1
2000138,5.75,1
2000139,5.75,1
2000140,5.67,1
2000141,5.55,1
2000142,5.44,1
2000143,5.35,1
2000144,5.26,1
2000145,5.12,1
2000146,4.97,1
2000147,4.88,1
2000148,4.81,1
2000149,4.78,1
2000150,4.71,1
2000151,4.71,1
2000152,4.73,1
2000153,4.81,1
2000154,4.87,1
2000155,4.96,1
2000156,5.04,1
2000157,5.12,1
2000158,5.19,1
2000159,5.21,1
2000160,5.26,1
2000161,5.33,1
2000162,5.46,1
2000163,5.58,1
2000164,5.62,1
2000165,5.60,1
2000166,5.56,1
2000167,5.56,1
2000168,5.58,1
2000169,5.58,1
2000170,5.57,1
2000171,5.51,1
2000172,5.46,1
2000173,5.41,1
2000174,5.38,1
2000175,5.29,1
2000176,5.23,1
2000177,5.18,1
2000178,5.14,1
2000179,5.07,1
2000180,5.00,1
2000181,4.99,1
2000182,4.98,1
2000183,5.06,1
2000184,5.08,1
2000185,5.13,1
2000186,5.07,1
2000187,5.09,1
2000188,5.16,1
2000189,5.33,1
2000190,5.50,1
2000191,5.64,1
2000192,5.72,1
2000193,5.72,1
2000194,5.74,1
2000195,5.69,1
2000196,5.70,1
2000197,5.73,1
2000198,5.84,1
2000199,5.95,1
2000200,5.99,1
2000201,6.00,1
2000202,6.01,1
2000203,6.04,1
2000204,6.00,1
2000205,5.89,1
2000206,5.69,1
2000207,5.59,1
2000208,5.59,1
2000209,5.73,1
2000210,5.71,1
2000211,5.64,1
2000212,5.37,1
2000213,5.34,1
2000214,5.28,1
2000215,5.36,1
2000216,5.32,1
2000217,5.34,1
2000218,5.40,1
2000219,5.43,1
2000220,5.40,1
2000221,5.38,1
2000222,5.37,1
2000223,5.45,1
2000224,5.55,1
2000225,5.66,1
2000226,5.72,1
2000227,5.74,1
2000228,5.77,1
2000229,5.79,1
2000230,5.76,1
2000231,5.67,1
2000232,5.59,1
2000233,5.49,1
2000234,5.38,1
2000235,5.17,1
2000236,5.01,1
2000237,4.96,1
2000238,4.98,1
2000239,4.99,1
2000240,4.96,1
2000241,5.05,1
2000242,5.02,1
2000243,5.20,1
2000244,5.23,1
2000245,5.41,1
2000246,5.38,1
2000247,5.37,1
2000248,5.32,1
2000249,5.34,1
2000250,5.35,1
2000251,5.44,1
2000252,5.50,1
2000253,5.53,1
2000254,5.44,1
2000255,5.33,1
2000256,5.26,1
2000257,5.28,1
2000258,5.30,1
2000259,5.29,1
2000260,5.25,1
2000261,5.24,1
2000262,5.23,1
2000263,5.23,1
2000264,5.22,1
2000265,5.19,1
2000266,5.20,1
2000267,5.20,1
2000268,5.27,1
2000269,5.38,1
2000270,5.55,1
2000271,5.65,1
2000272,5.66,1
2000273,5.61,1
2000274,5.59,1
2000275,5.60,1
2000276,5.63,1
2000277,5.72,1
2000278,5.78,1
2000279,5.83,1
2000280,5.74,1
2000281,5.60,1
2000282,5.60,1
2000283,5.48,1
2000284,5.35,1
2000285,5.16,1
2000286,5.13,1
2000287,5.14,1
2000288,5.15,1
2000289,5.16,1
2000290,5.18,1
2000291,5.22,1
2000292,5.28,1
2000293,5.35,1
2000294,5.31,1
2000295,5.30,1
2000296,5.28,1
2000297,5.42,1
2000298,5.50,1
2000299,5.59,1
2000300,5.56,1
2000301,5.48,1
2000302,5.48,1
2000303,5.55,1
2000304,5.64,1
2000305,5.75,1
2000306,5.86,1
2000307,5.96,1
2000308,5.84,1
2000309,5.84,1
2000310,5.65,1
2000311,5.69,1
2000312,5.42,1
2000313,5.34,5
2000314,5.14,5
2000315,5.09,5
2000316,5.04,5
2000317,5.02,5
2000318,5.01,5
2000319,5.01,5
2000320,5.04,5
2000321,5.07,5
2000322,5.13,5
2000323,5.27,1
2000324,5.46,1
2000325,5.60,1
2000326,5.67,1
2000327,5.75,1
2000328,5.75,1
2000329,5.83,1
2000330,5.90,1
2000331,6.13,1
2000332,6.23,1
2000333,6.20,1
2000334,6.12,1
2000335,6.08,1
2000336,6.16,1
2000337,6.15,1
2000338,6.05,1
2000339,5.60,1
2000340,5.22,1
2000341,4.89,1
2000342,4.78,1
2000343,4.85,1
2000344,4.92,1
2000345,5.03,1
2000346,5.03,1
2000347,5.11,1
2000348,5.26,1
2000349,5.44,1
2000350,5.60,1
2000351,5.77,1
2000352,5.79,1
2000353,5.76,1
2000354,5.60,1
2000355,5.44,1
2000356,5.52,1
2000357,5.68,1
2000358,5.94,1
2000359,5.94,1
2000360,5.94,1
2000361,5.90,1
2000362,5.82,1
2000363,5.71,1
2000364,5.61,1
2000365,5.54,1
2000366,5.50,1
2001001,5.16,5
2001002,5.19,5
2001003,5.14,5
2001004,5.17,5
2001005,5.18,5
2001006,5.19,5
2001007,5.17,5
2001008,5.10,5
2001009,5.09,5
2001010,5.06,5
2001011,5.08,5
2001012,5.16,5
2001013,5.19,5
2001014,5.14,5
2001015,5.10,5
2001016,5.05,5
2001017,4.98,5
2001018,4.98,5
2001019,4.98,5
2001020,4.99,5
2001021,4.97,5
2001022,5.05,5
2001023,5.08,5
2001024,5.11,5
2001025,5.08,5
2001026,5.06,5
2001027,5.07,5
2001028,5.07,5
2001029,5.05,5
2001030,5.01,5
2001031,4.97,5
2001032,5.02,5
2001033,5.05,5
2001034,5.03,5
2001035,4.92,5
2001036,5.03,5
2001037,5.06,5
2001038,5.02,5
2001039,4.96,5
2001040,5.00,5
2001041,4.99,5
2001042,4.93,5
2001043,4.89,5
2001044,4.87,5
2001045,4.85,5
2001046,4.84,5
2001047,4.81,5
2001048,4.81,5
2001049,4.84,5
2001050,4.88,5
2001051,4.95,5
2001052,4.94,5
2001053,4.96,5
2001054,4.96,5
2001055,4.91,5
2001056,4.89,5
2001057,4.90,5
2001058,4.87,5
2001059,4.88,5
2001060,4.88,5
2001061,4.87,5
2001062,4.94,5
2001063,4.95,5
2001064,5.05,5
2001065,5.06,5
2001066,5.19,5
2001067,5.12,5
2001068,5.08,5
2001069,5.07,5
2001070,5.06,5
2001071,5.06,5
2001072,4.99,5
2001073,4.96,5
2001074,4.92,5
2001075,4.95,5
2001076,4.91,5
2001077,4.96,5
2001078,5.01,5
2001079,5.06,5
2001080,5.11,5
2001081,5.27,5
2001082,5.25,5
2001083,5.49,5
2001084,5.48,5
2001085,5.75,5
2001086,5.80,5
2001087,5.80,5
2001088,5.74,5
2001089,5.72,5
2001090,5.66,5
2001091,5.72,5
2001092,5.56,5
2001093,5.53,5
2001094,5.43,5
2001095,5.44,5
2001096,5.35,5
2001097,5.27,5
2001098,5.21,5
2001099,5.18,5
2001100,5.21,5
2001101,5.15,5
2001102,5.08,5
2001103,4.99,5
2001104,5.01,5
2001105,4.98,5
2001106,4.90,5
2001107,4.92,5
2001108,4.96,5
2001109,5.05,5
2001110,5.29,5
2001111,5.36,5
2001112,5.37,5
2001113,5.39,5
2001114,5.38,5
2001115,5.38,5
2001116,5.40,5
2001117,5.37,5
2001118,5.35,5
2001119,5.38,5
2001120,5.36,5
2001121,5.34,5
2001122,5.29,5
2001123,5.26,5
2001124,5.28,5
2001125,5.18,5
2001126,5.14,5
2001127,5.01,5
2001128,4.94,5
2001129,4.94,5
2001130,4.94,5
2001131,4.99,5
2001132,5.00,5
2001133,5.00,5
2001134,4.99,5
2001135,5.02,5
2001136,4.99,5
2001137,5.06,5
2001138,4.99,5
2001139,5.01,5
2001140,5.01,5
2001141,5.07,5
2001142,5.08,5
2001143,5.13,5
2001144,5.21,5
2001145,5.15,5
2001146,5.05,5
2001147,5.05,5
2001148,5.02,5
2001149,4.98,5
2001150,4.94,5
2001151,4.94,5
2001152,4.93,5
2001153,4.94,5
2001154,5.02,5
2001155,5.07,5
2001156,5.07,5
2001157,5.09,5
2001158,5.14,5
2001159,5.24,5
2001160,5.21,5
2001161,5.11,5
2001162,5.11,5
2001163,5.13,5
2001164,5.23,5
2001165,5.31,5
2001166,5.32,5
2001167,5.39,5
2001168,5.37,5
2001169,5.47,5
2001170,5.31,5
2001171,5.33,5
2001172,5.33,5
2001173,5.35,5
2001174,5.37,5
2001175,5.30,5
2001176,5.22,5
2001177,5.12,5
2001178,4.99,5
2001179,4.93,5
2001180,4.93,5
2001181,4.91,5
2001182,4.90,5
2001183,4.89,5
2001184,4.88,5
2001185,4.84,5
2001186,4.78,5
2001187,4.75,5
2001188,4.76,5
2001189,4.83,5
2001190,4.86,5
2001191,4.86,5
2001192,4.88,5
2001193,4.90,5
2001194,4.89,5
2001195,4.95,5
2001196,4.96,5
2001197,5.02,5
2001198,5.00,5
2001199,4.98,5
2001200,4.97,5
2001201,4.98,5
2001202,4.95,5
2001203,4.97,5
2001204,4.99,5
2001205,4.91,5
2001206,4.91,5
2001207,4.84,5
2001208,4.82,5
2001209,4.78,5
2001210,4.79,5
2001211,4.77,5
2001212,4.79,5
2001213,4.82,5
2001214,4.83,5
2001215,4.92,5
2001216,5.04,5
2001217,5.10,5
2001218,5.16,5
2001219,5.18,5
2001220,5.19,5
2001221,5.17,5
2001222,5.15,5
2001223,5.19,5
2001224,5.17,5
2001225,5.12,5
2001226,5.10,5
2001227,5.11,5
2001228,5.09,5
2001229,5.12,5
2001230,5.21,5
2001231,5.23,5
2001232,5.23,5
2001233,5.26,5
2001234,5.28,5
2001235,5.34,5
2001236,5.38,5
2001237,5.53,5
2001238,5.48,5
2001239,5.49,5
2001240,5.54,5
2001241,5.53,5
2001242,5.55,5
2001243,5.48,5
2001244,5.45,5
2001245,5.45,5
2001246,5.55,5
2001247,5.68,5
2001248,5.68,5
2001249,5.71,5
2001250,5.74,5
2001251,5.88,5
2001252,5.82,5
2001253,5.87,5
2001254,5.91,5
2001255,5.84,5
2001256,5.87,5
2001257,5.86,5
2001258,5.76,5
2001259,5.69,5
2001260,5.65,5
2001261,5.68,5
2001262,5.66,5
2001263,5.83,5
2001264,5.90,5
2001265,5.99,5
2001266,6.01,5
2001267,6.13,5
2001268,6.11,5
2001269,6.16,5
2001270,6.10,5
2001271,6.18,5
2001272,5.95,5
2001273,5.93,5
2001274,5.83,5
2001275,5.74,5
2001276,5.68,5
2001277,5.65,5
2001278,5.59,5
2001279,5.61,5
2001280,5.56,5
2001281,5.55,5
2001282,5.59,5
2001283,5.60,5
2001284,5.57,5
2001285,5.60,5
2001286,5.60,5
2001287,5.67,5
2001288,5.68,5
2001289,5.76,5
2001290,5.81,5
2001291,5.87,5
2001292,5.98,5
2001293,5.96,5
2001294,5.84,5
2001295,5.88,5
2001296,5.85,5
2001297,5.91,5
2001298,5.91,5
2001299,5.90,5
2001300,5.96,5
2001301,5.85,5
2001302,5.78,5
2001303,5.84,5
2001304,5.81,5
2001305,5.89,5
2001306,5.76,5
2001307,5.77,5
2001308,5.83,5
2001309,5.87,5
2001310,5.88,5
2001311,6.04,5
2001312,5.92,5
2001313,6.04,5
2001314,5.91,5
2001315,5.84,5
2001316,5.81,5
2001317,5.83,5
2001318,5.76,5
2001319,5.70,5
2001320,5.68,5
2001321,5.66,5
2001322,5.61,5
2001323,5.63,5
2001324,5.60,5
2001325,5.59,5
2001326,5.63,5
2001327,5.56,5
2001328,5.53,5
2001329,5.51,5
2001330,5.54,5
2001331,5.64,5
2001332,5.68,5
2001333,5.79,5
2001334,5.84,5
2001335,5.81,5
2001336,5.94,5
2001337,5.89,5
2001338,5.88,5
2001339,5.90,5
2001340,5.95,5
2001341,5.83,5
2001342,5.80,5
2001343,5.82,5
2001344,5.79,5
2001345,5.80,5
2001346,5.88,5
2001347,5.79,5
2001348,5.77,5
2001349,5.78,5
2001350,5.73,5
2001351,5.71,5
2001352,5.74,5
2001353,5.72,5
2001354,5.80,5
2001355,5.87,5
2001356,5.92,5
2001357,5.98,5
2001358,6.09,5
2001359,6.01,5
2001360,6.05,5
2001361,6.09,5
2001362,6.03,5
2001363,6.04,5
2001364,5.94,5
2001365,5.94,5
2002001,5.87,5
2002002,5.86,5
2002003,5.80,5
2002004,5.79,5
2002005,5.76,5
2002006,5.67,5
2002007,5.62,5
2002008,5.69,5
2002009,5.85,5
2002010,5.83,5
2002011,5.85,5
2002012,5.87,5
2002013,5.91,5
2002014,5.84,5
2002015,5.78,5
2002016,5.77,5
2002017,5.74,5
2002018,5.73,5
2002019,5.75,5
2002020,5.80,5
2002021,5.81,5
2002022,5.83,5
2002023,5.81,5
2002024,5.83,5
2002025,5.85,5
2002026,5.97,5
2002027,5.92,5
2002028,5.98,5
2002029,5.99,5
2002030,5.96,5
2002031,5.88,5
2002032,5.90,5
2002033,5.86,5
2002034,5.81,5
2002035,5.82,5
2002036,5.73,5
2002037,5.62,5
2002038,5.55,5
2002039,5.54,5
2002040,5.59,5
2002041,5.68,5
2002042,5.59,5
2002043,5.63,5
2002044,5.60,5
2002045,5.55,5
2002046,5.54,5
2002047,5.53,5
2002048,5.55,5
2002049,5.53,5
2002050,5.50,5
2002051,5.53,5
2002052,5.57,5
2002053,5.52,5
2002054,5.49,5
2002055,5.52,5
2002056,5.63,5
2002057,5.61,5
2002058,5.56,5
2002059,5.59,5
2002060,5.49,5
2002061,5.51,5
2002062,5.46,5
2002063,5.41,5
2002064,5.39,5
2002065,5.43,5
2002066,5.44,5
2002067,5.42,5
2002068,5.61,5
2002069,5.43,5
2002070,5.44,5
2002071,5.41,5
2002072,5.44,5
2002073,5.42,5
2002074,5.38,5
2002075,5.43,5
2002076,5.43,5
2002077,5.38,5
2002078,5.36,5
2002079,5.44,5
2002080,5.35,5
2002081,5.33,5
2002082,5.32,5
2002083,5.35,5
2002084,5.32,5
2002085,5.29,5
2002086,5.31,5
2002087,5.36,5
2002088,5.39,5
2002089,5.44,5
2002090,5.54,5
2002091,5.56,5
2002092,5.55,5
2002093,5.57,5
2002094,5.61,5
2002095,5.62,5
2002096,5.55,5
2002097,5.55,5
2002098,5.54,5
2002099,5.53,5
2002100,5.47,5
2002101,5.49,5
2002102,5.58,5
2002103,5.66,5
2002104,5.57,5
2002105,5.53,5
2002106,5.49,5
2002107,5.47,5
2002108,5.44,5
2002109,5.39,5
2002110,5.37,5
2002111,5.35,5
2002112,5.33,5
2002113,5.36,5
2002114,5.37,5
2002115,5.31,5
2002116,5.28,5
2002117,5.24,5
2002118,5.17,5
2002119,5.21,5
2002120,5.21,5
2002121,5.27,5
2002122,5.31,5
2002123,5.38,5
2002124,5.44,5
2002125,5.38,5
2002126,5.45,5
2002127,5.42,5
2002128,5.42,5
2002129,5.44,5
2002130,5.44,5
2002131,5.42,5
2002132,5.38,5
2002133,5.30,5
2002134,5.22,5
2002135,5.21,5
2002136,5.20,5
2002137,5.18,5
2002138,5.22,5
2002139,5.27,5
2002140,5.26,5
2002141,5.36,5
2002142,5.32,5
2002143,5.31,5
2002144,5.36,5
2002145,5.32,5
2002146,5.32,5
2002147,5.33,5
2002148,5.33,5
2002149,5.31,5
2002150,5.28,5
2002151,5.29,5
2002152,5.27,5
2002153,5.24,5
2002154,5.20,5
2002155,5.20,5
2002156,5.12,5
2002157,5.09,5
2002158,5.12,5
2002159,5.10,5
2002160,5.12,5
2002161,5.08,5
2002162,5.06,5
2002163,5.02,5
2002164,4.96,5
2002165,4.94,5
2002166,4.98,5
2002167,4.99,5
2002168,5.04,5
2002169,5.05,5
2002170,5.07,5
2002171,5.07,5
2002172,5.03,5
2002173,5.05,5
2002174,5.06,5
2002175,5.11,5
2002176,5.07,5
2002177,5.06,5
2002178,5.02,5
2002179,5.01,5
2002180,5.05,5
2002181,5.07,5
2002182,5.08,5
2002183,5.08,5
2002184,5.08,5
2002185,5.07,5
2002186,5.01,5
2002187,4.98,5
2002188,5.00,5
2002189,4.96,5
2002190,5.01,5
2002191,4.95,5
2002192,5.02,5
2002193,5.00,5
2002194,5.01,5
2002195,5.08,5
2002196,5.20,5
2002197,5.28,5
2002198,5.34,5
2002199,5.34,5
2002200,5.35,5
2002201,5.37,5
2002202,5.36,5
2002203,5.40,5
2002204,5.46,5
2002205,5.53,5
2002206,5.59,5
2002207,5.73,5
2002208,5.67,5
2002209,5.72,5
2002210,5.69,5
2002211,5.66,5
2002212,5.55,5
2002213,5.40,5
2002214,5.39,5
2002215,5.31,5
2002216,5.19,5
2002217,5.13,5
2002218,5.16,5
2002219,5.10,5
2002220,5.09,5
2002221,5.13,5
2002222,5.20,5
2002223,5.36,5
2002224,5.44,5
2002225,5.49,5
2002226,5.59,5
2002227,5.60,5
2002228,5.63,5
2002229,5.70,5
2002230,5.79,5
2002231,5.76,5
2002232,5.71,5
2002233,5.66,5
2002234,5.66,5
2002235,5.69,5
2002236,5.51,5
2002237,5.40,5
2002238,5.34,5
2002239,5.28,5
2002240,5.29,5
2002241,5.33,5
2002242,5.34,5
2002243,5.40,5
2002244,5.40,5
2002245,5.35,5
2002246,5.33,5
2002247,5.33,5
2002248,5.35,5
2002249,5.36,5
2002250,5.39,5
2002251,5.44,5
2002252,5.52,5
2002253,5.60,5
2002254,5.58,5
2002255,5.55,5
2002256,5.51,5
2002257,5.52,5
2002258,5.40,5
2002259,5.37,5
2002260,5.44,5
2002261,5.33,5
2002262,5.26,5
2002263,5.25,5
2002264,5.21,5
2002265,5.22,5
2002266,5.17,5
2002267,5.19,5
2002268,5.16,5
2002269,5.13,5
2002270,5.14,5
2002271,5.11,5
2002272,5.03,5
2002273,5.04,5
2002274,5.04,5
2002275,5.00,5
2002276,5.07,5
2002277,5.15,5
2002278,5.13,5
2002279,5.18,5
2002280,5.19,5
2002281,5.21,5
2002282,5.22,5
2002283,5.25,5
2002284,5.29,5
2002285,5.30,5
2002286,5.28,5
2002287,5.29,5
2002288,5.26,5
2002289,5.30,5
2002290,5.27,5
2002291,5.22,5
2002292,5.26,5
2002293,5.26,5
2002294,5.27,5
2002295,5.17,5
2002296,5.13,5
2002297,5.10,5
2002298,5.18,5
2002299,5.07,5
2002300,5.06,5
2002301,5.07,5
2002302,5.09,5
2002303,5.12,5
2002304,5.14,5
2002305,5.08,5
2002306,5.10,5
2002307,5.13,5
2002308,5.18,5
2002309,5.22,5
2002310,5.24,5
2002311,5.27,5
2002312,5.27,5
2002313,5.28,5
2002314,5.29,5
2002315,5.25,5
2002316,5.22,5
2002317,5.24,5
2002318,5.25,5
2002319,5.33,5
2002320,5.34,5
2002321,5.24,5
2002322,5.20,5
2002323,5.13,5
2002324,5.06,5
2002325,4.99,5
2002326,4.98,5
2002327,4.96,5
2002328,4.94,5
2002329,4.87,5
2002330,4.91,5
2002331,4.91,5
2002332,4.89,5
2002333,4.90,5
2002334,4.93,5
2002335,4.95,5
2002336,4.93,5
2002337,4.93,5
2002338,4.95,5
2002339,4.95,5
2002340,4.94,5
2002341,4.96,5
2002342,4.98,5
2002343,4.99,5
2002344,5.02,5
2002345,4.96,5
2002346,4.96,5
2002347,5.05,5
2002348,5.17,5
2002349,5.27,5
2002350,5.26,5
2002351,5.31,5
2002352,5.21,5
2002353,5.18,5
2002354,5.20,5
2002355,5.11,5
2002356,5.03,5
2002357,4.94,5
2002358,4.86,5
2002359,4.74,5
2002360,4.70,5
2002361,4.61,5
2002362,4.61,5
2002363,4.59,5
2002364,4.58,5
2002365,4.59,5
2003001,5.11,6
2003002,5.12,6
2003003,5.14,6
2003004,5.15,6
2003005,5.13,6
2003006,5.13,6
2003007,5.16,6
2003008,5.14,6
2003009,5.28,6
2003010,5.35,6
2003011,5.48,6
2003012,5.55,6
2003013,5.49,6
2003014,5.55,6
2003015,5.52,6
2003016,5.56,6
2003017,5.42,6
2003018,5.30,6
2003019,5.12,6
2003020,4.98,6
2003021,4.96,6
2003022,4.97,6
2003023,5.02,6
2003024,5.07,6
2003025,5.02,6
2003026,5.06,6
2003027,5.05,6
2003028,5.13,6
2003029,5.11,6
2003030,5.01,6
2003031,4.94,6
2003032,4.88,6
2003033,4.79,6
2003034,4.74,6
2003035,4.77,6
2003036,4.96,6
2003037,5.15,6
2003038,5.23,6
2003039,5.29,6
2003040,5.30,6
2003041,5.24,6
2003042,5.26,6
2003043,5.20,6
2003044,5.12,6
2003045,4.97,6
2003046,4.83,6
2003047,4.78,6
2003048,4.61,6
2003049,4.66,6
2003050,4.69,6
2003051,4.66,6
2003052,4.64,6
2003053,4.58,6
2003054,4.59,6
2003055,4.66,6
2003056,4.68,6
2003057,4.65,6
2003058,4.62,6
2003059,4.64,6
2003060,4.73,6
2003061,4.84,6
2003062,4.95,6
2003063,5.14,6
2003064,5.26,6
2003065,5.38,6
2003066,5.48,6
2003067,5.49,6
2003068,5.46,6
2003069,5.35,6
2003070,5.28,6
2003071,5.06,6
2003072,4.87,6
2003073,4.78,6
2003074,4.70,6
2003075,4.62,6
2003076,4.52,6
2003077,4.52,6
2003078,4.46,6
2003079,4.37,6
2003080,4.32,6
2003081,4.28,6
2003082,4.35,6
2003083,4.37,6
2003084,4.47,6
2003085,4.63,6
2003086,4.69,6
2003087,4.81,6
2003088,4.97,6
2003089,5.00,6
2003090,5.13,6
2003091,5.13,6
2003092,5.11,6
2003093,5.06,6
2003094,4.99,6
2003095,4.88,6
2003096,4.74,6
2003097,4.59,6
2003098,4.52,6
2003099,4.43,6
2003100,4.36,6
2003101,4.37,6
2003102,4.33,6
2003103,4.34,6
2003104,4.38,6
2003105,4.39,6
2003106,4.40,6
2003107,4.48,6
2003108,4.51,6
2003109,4.54,6
2003110,4.66,6
2003111,4.70,6
2003112,4.84,6
2003113,4.88,6
2003114,4.93,6
2003115,4.95,6
2003116,5.02,6
2003117,5.11,6
2003118,5.07,6
2003119,5.10,6
2003120,4.96,6
2003121,4.83,6
2003122,4.74,6
2003123,4.70,6
2003124,4.62,6
2003125,4.50,6
2003126,4.38,6
2003127,4.27,6
2003128,4.16,6
2003129,4.14,6
2003130,4.18,6
2003131,4.24,6
2003132,4.27,6
2003133,4.30,6
2003134,4.34,7
2003135,4.36,7
2003136,4.41,7
2003137,4.47,7
2003138,4.58,7
2003139,4.66,7
2003140,4.69,7
2003141,4.74,6
2003142,4.88,6
2003143,4.84,7
2003144,4.85,7
2003145,4.84,7
2003146,4.83,7
2003147,4.84,7
2003148,4.79,7
2003149,4.76,7
2003150,4.68,7
2003151,4.68,7
2003152,4.41,7
2003153,4.30,7
2003154,4.24,7
2003155,4.18,7
2003156,4.24,7
2003157,4.36,7
2003158,4.44,7
2003159,4.50,7
2003160,4.63,7
2003161,4.73,7
2003162,4.84,7
2003163,4.84,7
2003164,4.69,7
2003165,4.64,7
2003166,4.60,7
2003167,4.56,7
2003168,4.55,7
2003169,4.58,7
2003170,4.62,7
2003171,4.63,7
2003172,4.59,7
2003173,4.54,7
2003174,4.57,7
2003175,4.55,7
2003176,4.50,7
2003177,4.51,7
2003178,4.54,7
2003179,4.55,7
2003180,4.54,7
2003181,4.62,7
2003182,4.63,7
2003183,4.70,7
2003184,4.77,7
2003185,4.77,7
2003186,4.76,7
2003187,4.79,7
2003188,4.79,7
2003189,4.81,7
2003190,4.78,7
2003191,4.67,7
2003192,4.62,7
2003193,4.59,7
2003194,4.65,7
2003195,4.66,7
2003196,4.71,7
2003197,4.70,7
2003198,4.73,7
2003199,4.80,7
2003200,4.90,7
2003201,4.92,7
2003202,4.90,7
2003203,4.85,7
2003204,4.74,7
2003205,4.53,7
2003206,4.42,7
2003207,4.37,7
2003208,4.41,7
2003209,4.47,7
2003210,4.49,7
2003211,4.48,7
2003212,4.55,7
2003213,4.53,7
2003214,4.60,7
2003215,4.65,7
2003216,4.65,7
2003217,4.66,7
2003218,4.56,7
2003219,4.53,7
2003220,4.47,7
2003221,4.48,7
2003222,4.56,7
2003223,4.58,7
2003224,4.63,7
2003225,4.60,7
2003226,4.59,7
2003227,4.59,7
2003228,4.58,7
2003229,4.55,7
2003230,4.55,7
2003231,4.54,7
2003232,4.52,7
2003233,4.49,7
2003234,4.56,7
2003235,4.59,7
2003236,4.67,7
2003237,4.66,7
2003238,4.77,7
2003239,4.78,7
2003240,4.80,7
2003241,4.76,7
2003242,4.71,7
2003243,4.72,7
2003244,4.68,7
2003245,4.57,7
2003246,4.50,7
2003247,4.48,7
2003248,4.50,7
2003249,4.48,7
2003250,4.50,7
2003251,4.46,7
2003252,4.47,7
2003253,4.38,7
2003254,4.36,7
2003255,4.31,7
2003256,4.33,7
2003257,4.31,7
2003258,4.31,7
2003259,4.28,7
2003260,4.29,7
2003261,4.37,7
2003262,4.41,7
2003263,4.53,7
2003264,4.55,7
2003265,4.57,7
2003266,4.65,7
2003267,4.74,7
2003268,4.79,7
2003269,4.84,7
2003270,4.84,7
2003271,4.81,7
2003272,4.75,7
2003273,4.64,7
2003274,4.65,7
2003275,4.59,7
2003276,4.60,7
2003277,4.56,7
2003278,4.60,7
2003279,4.57,7
2003280,4.57,7
2003281,4.55,7
2003282,4.57,7
2003283,4.58,7
2003284,4.58,7
2003285,4.43,7
2003286,4.38,7
2003287,4.32,7
2003288,4.31,7
2003289,4.29,7
2003290,4.40,7
2003291,4.48,7
2003292,4.59,7
2003293,4.57,7
2003294,4.61,7
2003295,4.66,7
2003296,4.71,7
2003297,4.74,7
2003298,4.80,7
2003299,4.92,7
2003300,5.10,7
2003301,5.30,7
2003302,5.26,7
2003303,5.27,7
2003304,5.23,7
2003305,5.12,7
2003306,4.95,7
2003307,4.77,7
2003308,4.60,7
2003309,4.47,7
2003310,4.39,7
2003311,4.27,7
2003312,4.20,7
2003313,4.18,7
2003314,4.09,7
2003315,4.08,7
2003316,4.09,7
2003317,4.09,7
2003318,4.18,7
2003319,4.23,7
2003320,4.27,7
2003321,4.33,7
2003322,4.45,7
2003323,4.58,7
2003324,4.76,7
2003325,4.86,7
2003326,4.90,7
2003327,4.96,7
2003328,5.01,7
2003329,5.05,7
2003330,5.05,7
2003331,5.07,7
2003332,5.08,7
2003333,5.02,7
2003334,4.99,7
2003335,4.85,7
2003336,4.75,7
2003337,4.58,7
2003338,4.53,7
2003339,4.37,7
2003340,4.24,7
2003341,4.13,7
2003342,4.09,7
2003343,3.98,7
2003344,3.97,7
2003345,3.96,7
2003346,3.99,7
2003347,3.99,7
2003348,4.02,7
2003349,4.10,7
2003350,4.20,7
2003351,4.29,7
2003352,4.48,7
2003353,4.58,7
2003354,4.69,7
2003355,4.75,7
2003356,4.85,7
2003357,4.91,7
2003358,4.94,7
2003359,4.96,7
2003360,4.90,7
2003361,4.78,7
2003362,4.63,7
2003363,4.50,7
2003364,4.38,7
2003365,4.26,7
2004001,4.22,7
2004002,4.16,7
2004003,4.15,7
2004004,4.10,7
2004005,4.20,7
2004006,4.10,7
2004007,4.17,7
2004008,4.14,7
2004009,4.13,7
2004010,4.08,7
2004011,4.09,7
2004012,4.13,7
2004013,4.20,7
2004014,4.30,7
2004015,4.40,7
2004016,4.49,7
2004017,4.64,7
2004018,4.69,7
2004019,4.80,7
2004020,4.87,7
2004021,4.92,7
2004022,4.83,7
2004023,4.72,7
2004024,4.59,7
2004025,4.43,7
2004026,4.28,7
2004027,4.19,7
2004028,4.05,7
2004029,4.06,7
2004030,4.06,7
2004031,4.06,7
2004032,4.08,7
2004033,4.11,7
2004034,4.15,7
2004035,4.19,7
2004036,4.16,7
2004037,4.15,7
2004038,4.17,7
2004039,4.21,7
2004040,4.27,7
2004041,4.32,7
2004042,4.40,7
2004043,4.44,7
2004044,4.51,7
2004045,4.58,7
2004046,4.60,7
2004047,4.60,7
2004048,4.59,7
2004049,4.50,7
2004050,4.46,7
2004051,4.40,7
2004052,4.35,7
2004053,4.30,7
2004054,4.26,7
2004055,4.22,7
2004056,4.21,7
2004057,4.22,7
2004058,4.15,7
2004059,4.16,7
2004060,4.15,7
2004061,4.15,7
2004062,4.08,7
2004063,4.03,7
2004064,4.03,7
2004065,4.01,7
2004066,4.05,7
2004067,4.06,7
2004068,4.12,7
2004069,4.17,7
2004070,4.22,7
2004071,4.27,7
2004072,4.35,7
2004073,4.43,7
2004074,4.45,7
2004075,4.60,6
2004076,4.40,7
2004077,4.42,7
2004078,4.37,7
2004079,4.35,7
2004080,4.37,7
2004081,4.41,7
2004082,4.40,7
2004083,4.39,7
2004084,4.42,7
2004085,4.43,7
2004086,4.45,7
2004087,4.45,7
2004088,4.39,7
2004089,4.32,7
2004090,4.27,7
2004091,4.23,7
2004092,4.18,7
2004093,4.19,7
2004094,4.18,7
2004095,4.27,7
2004096,4.30,7
2004097,4.28,7
2004098,4.32,7
2004099,4.28,7
2004100,4.23,7
2004101,4.18,7
2004102,4.21,7
2004103,4.26,7
2004104,4.29,7
2004105,4.30,7
2004106,4.32,7
2004107,4.31,7
2004108,4.36,7
2004109,4.39,7
2004110,4.43,7
2004111,4.43,7
2004112,4.44,7
2004113,4.46,7
2004114,4.42,7
2004115,4.37,7
2004116,4.30,7
2004117,4.24,7
2004118,4.18,7
2004119,4.13,7
2004120,4.09,7
2004121,4.10,7
2004122,4.19,6
2004123,4.20,7
2004124,4.18,7
2004125,4.18,7
2004126,4.17,7
2004127,4.13,7
2004128,4.11,7
2004129,4.12,7
2004130,4.17,7
2004131,4.21,7
2004132,4.20,7
2004133,4.21,7
2004134,4.27,7
2004135,4.30,7
2004136,4.34,7
2004137,4.31,7
2004138,4.34,7
2004139,4.31,7
2004140,4.28,7
2004141,4.23,7
2004142,4.26,7
2004143,4.23,7
2004144,4.25,7
2004145,4.23,7
2004146,4.20,7
2004147,4.19,7
2004148,4.13,7
2004149,4.12,7
2004150,4.10,7
2004151,4.12,7
2004152,4.08,7
2004153,4.08,7
2004154,4.11,7
2004155,4.18,7
2004156,4.20,7
2004157,4.20,7
2004158,4.21,7
2004159,4.21,7
2004160,4.17,7
2004161,4.13,7
2004162,4.10,7
2004163,4.05,7
2004164,4.05,7
2004165,4.03,7
2004166,4.07,7
2004167,4.14,7
2004168,4.20,7
2004169,4.25,7
2004170,4.24,7
2004171,4.27,7
2004172,4.28,7
2004173,4.29,7
2004174,4.29,7
2004175,4.26,7
2004176,4.22,7
2004177,4.17,7
2004178,4.14,7
2004179,4.10,7
2004180,4.09,7
2004181,4.07,7
2004182,4.06,7
2004183,4.05,7
2004184,4.05,7
2004185,4.04,7
2004186,4.09,7
2004187,4.04,7
2004188,3.94,7
2004189,3.93,7
2004190,3.93,7
2004191,3.90,7
2004192,3.92,7
2004193,4.04,7
2004194,4.20,7
2004195,4.34,7
2004196,4.39,7
2004197,4.48,7
2004198,4.50,7
2004199,4.48,7
2004200,4.54,7
2004201,4.59,7
2004202,4.63,7
2004203,4.52,7
2004204,4.56,7
2004205,4.38,7
2004206,4.31,7
2004207,4.29,7
2004208,4.20,7
2004209,4.06,7
2004210,3.99,7
2004211,3.89,7
2004212,3.85,7
2004213,3.89,7
2004214,3.94,7
2004215,3.92,7
2004216,3.94,7
2004217,3.93,7
2004218,3.97,7
2004219,3.99,7
2004220,4.08,7
2004221,4.11,7
2004222,4.21,7
2004223,4.27,7
2004224,4.33,7
2004225,4.39,7
2004226,4.47,7
2004227,4.58,7
2004228,4.52,7
2004229,4.47,7
2004230,4.46,7
2004231,4.36,7
2004232,4.28,7
2004233,4.25,7
2004234,4.25,7
2004235,4.22,7
2004236,4.19,7
2004237,4.15,7
2004238,4.08,7
2004239,4.07,7
2004240,4.06,7
2004241,4.08,7
2004242,4.02,7
2004243,4.00,7
2004244,3.96,7
2004245,3.92,7
2004246,3.99,7
2004247,4.04,7
2004248,4.14,7
2004249,4.24,7
2004250,4.28,7
2004251,4.32,7
2004252,4.35,7
2004253,4.40,7
2004254,4.46,7
2004255,4.47,7
2004256,4.46,7
2004257,4.35,7
2004258,4.29,7
2004259,4.23,7
2004260,4.29,7
2004261,4.27,7
2004262,4.24,7
2004263,4.16,7
2004264,4.11,7
2004265,4.00,7
2004266,3.96,7
2004267,3.93,7
2004268,3.92,7
2004269,3.95,7
2004270,3.95,7
2004271,3.95,7
2004272,3.95,7
2004273,3.98,7
2004274,4.07,7
2004275,4.14,7
2004276,4.18,7
2004277,4.20,7
2004278,4.20,7
2004279,4.18,7
2004280,4.20,7
2004281,4.20,7
2004282,4.20,7
2004283,4.15,7
2004284,4.09,7
2004285,4.04,7
2004286,4.05,7
2004287,4.06,7
2004288,4.05,7
2004289,4.08,7
2004290,4.07,7
2004291,4.11,7
2004292,4.10,7
2004293,4.13,7
2004294,4.20,7
2004295,4.19,7
2004296,4.27,7
2004297,4.28,7
2004298,4.34,7
2004299,4.33,7
2004300,4.40,7
2004301,4.44,7
2004302,4.42,7
2004303,4.44,7
2004304,4.43,7
2004305,4.40,7
2004306,4.32,7
2004307,4.31,7
2004308,4.30,7
2004309,4.25,7
2004310,4.21,7
2004311,4.23,7
2004312,4.23,7
2004313,4.24,7
2004314,4.15,7
2004315,4.10,7
2004316,4.12,7
2004317,4.13,7
2004318,4.13,7
2004319,4.14,7
2004320,4.16,7
2004321,4.16,7
2004322,4.12,7
2004323,4.13,7
2004324,4.20,7
2004325,4.26,7
2004326,4.28,7
2004327,4.31,7
2004328,4.32,7
2004329,4.37,7
2004330,4.41,7
2004331,4.43,7
2004332,4.45,7
2004333,4.42,7
2004334,4.38,7
2004335,4.31,7
2004336,4.23,7
2004337,4.18,7
2004338,4.16,7
2004339,4.16,7
2004340,4.11,7
2004341,4.07,7
2004342,4.06,7
2004343,4.01,7
2004344,4.04,7
2004345,4.04,7
2004346,4.07,7
2004347,4.04,7
2004348,4.04,7
2004349,3.94,7
2004350,3.94,7
2004351,3.95,7
2004352,4.00,7
2004353,4.03,7
2004354,4.06,7
2004355,4.08,7
2004356,4.21,7
2004357,4.26,7
2004358,4.32,7
2004359,4.39,7
2004360,4.37,7
2004361,4.34,7
2004362,4.27,7
2004363,4.21,7
2004364,4.22,7
2004365,4.21,7
2004366,4.27,6
2005001,4.16,7
2005002,4.17,7
2005003,4.09,7
2005004,4.05,7
2005005,3.99,7
2005006,3.98,7
2005007,3.93,7
2005008,3.91,7
2005009,3.90,7
2005010,3.90,7
2005011,3.91,7
2005012,3.95,7
2005013,4.06,7
2005014,4.14,7
2005015,4.29,7
2005016,4.30,7
2005017,4.37,7
2005018,4.37,7
2005019,4.41,7
2005020,4.40,7
2005021,4.36,7
2005022,4.30,7
2005023,4.26,7
2005024,4.22,7
2005025,4.16,7
2005026,4.11,7
2005027,4.09,7
2005028,4.00,7
2005029,3.98,7
2005030,3.93,7
2005031,3.92,7
2005032,3.90,7
2005033,3.88,7
2005034,3.86,7
2005035,3.82,7
2005036,3.85,7
2005037,3.90,7
2005038,3.99,7
2005039,4.06,7
2005040,4.14,7
2005041,4.20,7
2005042,4.23,7
2005043,4.30,7
2005044,4.35,7
2005045,4.38,7
2005046,4.40,7
2005047,4.34,7
2005048,4.30,7
2005049,4.21,7
2005050,4.19,7
2005051,4.10,7
2005052,4.04,7
2005053,3.99,7
2005054,3.95,7
2005055,3.94,7
2005056,3.89,7
2005057,3.83,7
2005058,3.80,7
2005059,3.78,7
2005060,3.73,7
2005061,3.71,7
2005062,3.72,7
2005063,3.74,7
2005064,3.76,7
2005065,3.81,7
2005066,3.87,7
2005067,3.90,7
2005068,3.99,7
2005069,4.12,7
2005070,4.20,7
2005071,4.25,7
2005072,4.26,7
2005073,4.29,7
2005074,4.27,7
2005075,4.27,7
2005076,4.22,7
2005077,4.17,7
2005078,4.09,7
2005079,4.07,7
2005080,4.02,7
2005081,3.95,7
2005082,3.96,7
2005083,3.97,7
2005084,3.88,7
2005085,3.86,7
2005086,3.82,7
2005087,3.78,7
2005088,3.78,7
2005089,3.76,7
2005090,3.77,7
2005091,3.75,7
2005092,3.81,7
2005093,3.84,7
2005094,3.86,7
2005095,3.96,7
2005096,4.00,7
2005097,4.05,7
2005098,4.09,7
2005099,4.12,7
2005100,4.14,7
2005101,4.09,7
2005102,4.06,7
2005103,4.07,7
2005104,4.05,7
2005105,4.05,7
2005106,4.02,7
2005107,4.01,7
2005108,3.95,7
2005109,3.90,7
2005110,3.91,7
2005111,3.90,7
2005112,3.86,7
2005113,3.80,7
2005114,3.77,7
2005115,3.78,7
2005116,3.87,7
2005117,3.89,7
2005118,3.91,7
2005119,3.97,7
2005120,3.98,7
2005121,4.03,7
2005122,4.08,7
2005123,4.17,7
2005124,4.18,7
2005125,4.23,7
2005126,4.22,7
2005127,4.14,7
2005128,4.13,7
2005129,4.17,7
2005130,4.22,7
2005131,4.21,7
2005132,4.20,7
2005133,4.15,7
2005134,4.14,7
2005135,4.10,7
2005136,4.09,7
2005137,4.03,7
2005138,3.97,7
2005139,3.89,7
2005140,3.84,7
2005141,3.82,7
2005142,3.84,7
2005143,3.86,7
2005144,3.90,7
2005145,3.92,7
2005146,3.97,7
2005147,4.01,7
2005148,4.02,7
2005149,4.04,7
2005150,4.10,7
2005151,4.12,7
2005152,4.17,7
2005153,4.12,7
2005154,4.11,7
2005155,4.14,7
2005156,4.16,7
2005157,4.16,7
2005158,4.18,7
2005159,4.18,7
2005160,4.18,7
2005161,4.14,7
2005162,4.05,7
2005163,4.02,7
2005164,3.97,7
2005165,3.88,7
2005166,3.85,7
2005167,3.84,7
2005168,3.83,7
2005169,3.84,7
2005170,3.85,7
2005171,3.88,7
2005172,3.86,7
2005173,3.86,7
2005174,3.87,7
2005175,3.91,7
2005176,3.91,7
2005177,3.94,7
2005178,3.99,7
2005179,4.02,7
2005180,4.08,7
2005181,4.14,7
2005182,4.21,7
2005183,4.29,7
2005184,4.36,7
2005185,4.36,7
2005186,4.39,7
2005187,4.34,7
2005188,4.30,7
2005189,4.23,7
2005190,4.14,7
2005191,4.05,7
2005192,3.99,7
2005193,3.92,7
2005194,3.90,7
2005195,3.88,7
2005196,3.80,7
2005197,3.79,7
2005198,3.77,7
2005199,3.70,7
2005200,3.69,7
2005201,3.72,7
2005202,3.74,7
2005203,3.77,7
2005204,3.88,7
2005205,3.94,7
2005206,3.98,7
2005207,4.04,7
2005208,4.05,7
2005209,4.12,7
2005210,4.17,7
2005211,4.22,7
2005212,4.25,7
2005213,4.35,7
2005214,4.32,7
2005215,4.26,7
2005216,4.20,7
2005217,4.08,7
2005218,4.00,7
2005219,3.96,7
2005220,3.92,7
2005221,3.83,7
2005222,3.77,7
2005223,3.76,7
2005224,3.72,7
2005225,3.71,7
2005226,3.66,7
2005227,3.65,7
2005228,3.68,7
2005229,3.73,7
2005230,3.76,7
2005231,3.85,7
2005232,3.95,7
2005233,4.01,7
2005234,4.06,7
2005235,4.10,7
2005236,4.13,7
2005237,4.18,7
2005238,4.19,7
2005239,4.20,7
2005240,4.22,7
2005241,4.19,7
2005242,4.14,7
2005243,4.08,7
2005244,3.99,7
2005245,3.93,7
2005246,3.85,7
2005247,3.78,7
2005248,3.74,7
2005249,3.67,7
2005250,3.71,7
2005251,3.72,7
2005252,3.78,7
2005253,3.84,7
2005254,3.89,7
2005255,3.94,7
2005256,4.05,7
2005257,4.05,7
2005258,4.06,7
2005259,4.06,7
2005260,4.07,7
2005261,4.09,7
2005262,4.04,7
2005263,4.03,7
2005264,4.03,7
2005265,4.04,7
2005266,4.01,7
2005267,3.99,7
2005268,3.96,7
2005269,3.93,7
2005270,3.84,7
2005271,3.80,7
2005272,3.73,7
2005273,3.70,7
2005274,3.69,7
2005275,3.66,7
2005276,3.67,7
2005277,3.77,7
2005278,3.74,7
2005279,3.77,7
2005280,3.81,7
2005281,3.83,7
2005282,3.84,7
2005283,3.85,7
2005284,3.87,7
2005285,3.89,7
2005286,3.90,7
2005287,3.86,7
2005288,3.90,7
2005289,3.84,7
2005290,3.85,7
2005291,3.90,7
2005292,3.91,7
2005293,3.86,7
2005294,3.88,7
2005295,3.84,7
2005296,3.81,7
2005297,3.77,7
2005298,3.75,7
2005299,3.72,7
2005300,3.65,7
2005301,3.64,7
2005302,3.64,7
2005303,3.65,7
2005304,3.67,7
2005305,3.69,7
2005306,3.74,7
2005307,3.76,7
2005308,3.78,7
2005309,3.81,7
2005310,3.85,7
2005311,3.88,7
2005312,3.85,7
2005313,3.83,7
2005314,3.84,7
2005315,3.82,7
2005316,3.79,7
2005317,3.81,7
2005318,3.79,7
2005319,3.82,7
2005320,3.84,7
2005321,3.84,7
2005322,3.85,7
2005323,3.85,7
2005324,3.83,7
2005325,3.83,7
2005326,3.82,7
2005327,3.80,7
2005328,3.74,7
2005329,3.73,7
2005330,3.71,7
2005331,3.73,7
2005332,3.78,7
2005333,3.83,7
2005334,3.91,7
2005335,3.96,7
2005336,4.01,7
2005337,4.02,7
2005338,4.00,7
2005339,3.98,7
2005340,4.00,6
2005341,3.90,7
2005342,3.87,7
2005343,3.83,7
2005344,3.83,7
2005345,3.87,7
2005346,3.89,7
2005347,3.88,7
2005348,3.89,7
2005349,3.91,7
2005350,3.87,7
2005351,3.85,7
2005352,3.83,7
2005353,3.82,7
2005354,3.79,7
2005355,3.75,7
2005356,3.76,7
2005357,3.75,7
2005358,3.76,7
2005359,3.83,7
2005360,3.95,7
2005361,4.03,7
2005362,4.09,7
2005363,4.07,7
2005364,4.10,7
2005365,4.14,6
2006001,4.06,7
2006002,3.98,7
2006003,3.94,7
2006004,3.94,7
2006005,3.83,7
2006006,3.80,7
2006007,3.75,7
2006008,3.77,7
2006009,3.76,7
2006010,3.76,7
2006011,3.76,7
2006012,3.75,7
2006013,3.75,7
2006014,3.77,7
2006015,3.77,7
2006016,3.80,7
2006017,3.77,7
2006018,3.75,7
2006019,3.76,7
2006020,3.77,7
2006021,3.82,7
2006022,3.91,7
2006023,3.98,7
2006024,3.99,7
2006025,3.97,7
2006026,3.98,7
2006027,3.95,7
2006028,3.90,7
2006029,3.86,7
2006030,3.81,7
2006031,3.75,7
2006032,3.71,7
2006033,3.69,7
2006034,3.69,7
2006035,3.66,7
2006036,3.69,7
2006037,3.70,7
2006038,3.69,7
2006039,3.70,7
2006040,3.71,7
2006041,3.70,7
2006042,3.70,7
2006043,3.67,7
2006044,3.70,7
2006045,3.70,7
2006046,3.69,7
2006047,3.74,7
2006048,3.78,7
2006049,3.83,7
2006050,3.84,7
2006051,3.86,7
2006052,3.88,7
2006053,3.85,7
2006054,3.83,7
2006055,3.80,7
2006056,3.77,7
2006057,3.74,7
2006058,3.73,7
2006059,3.73,7
2006060,3.70,7
2006061,3.70,7
2006062,3.68,7
2006063,3.67,7
2006064,3.68,7
2006065,3.69,7
2006066,3.66,7
2006067,3.64,7
2006068,3.62,7
2006069,3.63,7
2006070,3.62,7
2006071,3.58,7
2006072,3.65,7
2006073,3.65,7
2006074,3.65,7
2006075,3.66,7
2006076,3.70,7
2006077,3.76,7
2006078,3.78,7
2006079,3.77,7
2006080,3.78,7
2006081,3.78,7
2006082,3.74,7
2006083,3.74,7
2006084,3.67,7
2006085,3.68,7
2006086,3.67,7
2006087,3.66,7
2006088,3.70,7
2006089,3.74,7
2006090,3.79,7
2006091,3.82,7
2006092,3.84,7
2006093,3.88,7
2006094,3.86,7
2006095,3.82,7
2006096,3.83,7
2006097,3.79,7
2006098,3.77,7
2006099,3.79,7
2006100,3.78,7
2006101,3.76,7
2006102,3.79,7
2006103,3.82,7
2006104,3.84,7
2006105,3.87,7
2006106,3.90,7
2006107,3.85,7
2006108,3.85,7
2006109,3.79,7
2006110,3.74,7
2006111,3.73,7
2006112,3.73,7
2006113,3.73,7
2006114,3.75,7
2006115,3.77,7
2006116,3.90,7
2006117,3.95,7
2006118,4.03,7
2006119,4.08,7
2006120,4.10,7
2006121,4.05,7
2006122,3.98,7
2006123,3.93,7
2006124,3.92,7
2006125,3.87,7
2006126,3.85,7
2006127,3.86,7
2006128,3.86,7
2006129,3.87,7
2006130,3.88,7
2006131,3.85,7
2006132,3.81,7
2006133,3.79,7
2006134,3.80,7
2006135,3.76,7
2006136,3.74,7
2006137,3.67,7
2006138,3.61,7
2006139,3.63,7
2006140,3.66,7
2006141,3.71,7
2006142,3.79,7
2006143,3.91,7
2006144,3.94,7
2006145,3.95,7
2006146,3.96,7
2006147,4.02,7
2006148,4.00,7
2006149,3.98,7
2006150,3.94,7
2006151,3.91,7
2006152,3.81,7
2006153,3.80,7
2006154,3.75,7
2006155,3.77,7
2006156,3.81,7
2006157,3.79,7
2006158,3.78,7
2006159,3.90,6
2006160,3.77,7
2006161,3.79,7
2006162,3.78,7
2006163,3.73,7
2006164,3.69,7
2006165,3.65,7
2006166,3.64,7
2006167,3.64,7
2006168,3.68,7
2006169,3.72,7
2006170,3.75,7
2006171,3.74,7
2006172,3.74,7
2006173,3.75,7
2006174,3.74,7
2006175,3.74,7
2006176,3.76,7
2006177,3.74,7
2006178,3.76,7
2006179,3.80,7
2006180,3.79,7
2006181,3.86,7
2006182,3.88,7
2006183,3.92,7
2006184,3.91,7
2006185,3.89,7
2006186,3.86,7
2006187,3.84,7
2006188,3.86,7
2006189,3.77,7
2006190,3.74,7
2006191,3.70,7
2006192,3.67,7
2006193,3.65,7
2006194,3.66,7
2006195,3.70,7
2006196,3.69,7
2006197,3.67,7
2006198,3.66,7
2006199,3.67,7
2006200,3.68,7
2006201,3.68,7
2006202,3.69,7
2006203,3.73,7
2006204,3.73,7
2006205,3.73,7
2006206,3.78,7
2006207,3.77,7
2006208,3.81,7
2006209,3.77,7
2006210,3.82,7
2006211,3.80,7
2006212,3.78,7
2006213,3.77,7
2006214,3.74,7
2006215,3.70,7
2006216,3.67,7
2006217,3.61,7
2006218,3.57,7
2006219,3.55,7
2006220,3.63,7
2006221,3.63,7
2006222,3.66,7
2006223,3.69,7
2006224,3.68,7
2006225,3.70,7
2006226,3.74,7
2006227,3.73,7
2006228,3.78,7
2006229,3.76,7
2006230,3.79,7
2006231,3.78,7
2006232,3.76,7
2006233,3.75,7
2006234,3.76,7
2006235,3.77,7
2006236,3.78,7
2006237,3.77,7
2006238,3.79,7
2006239,3.77,7
2006240,3.76,7
2006241,3.71,7
2006242,3.67,7
2006243,3.63,7
2006244,3.59,7
2006245,3.55,7
2006246,3.61,7
2006247,3.66,7
2006248,3.73,7
2006249,3.80,7
2006250,3.83,7
2006251,3.84,7
2006252,3.88,7
2006253,3.87,7
2006254,3.86,7
2006255,3.83,7
2006256,3.83,7
2006257,3.78,7
2006258,3.73,7
2006259,3.70,7
2006260,3.74,7
2006261,3.72,7
2006262,3.78,7
2006263,3.75,7
2006264,3.77,7
2006265,3.77,7
2006266,3.73,7
2006267,3.67,7
2006268,3.68,7
2006269,3.62,7
2006270,3.61,7
2006271,3.57,7
2006272,3.63,7
2006273,3.64,7
2006274,3.73,7
2006275,3.76,7
2006276,3.79,7
2006277,3.81,7
2006278,3.84,7
2006279,3.83,7
2006280,3.84,7
2006281,3.83,7
2006282,3.83,7
2006283,3.75,7
2006284,3.72,7
2006285,3.69,7
2006286,3.66,7
2006287,3.65,7
2006288,3.64,7
2006289,3.61,7
2006290,3.61,7
2006291,3.61,7
2006292,3.63,7
2006293,3.62,7
2006294,3.64,7
2006295,3.65,7
2006296,3.67,7
2006297,3.62,7
2006298,3.63,7
2006299,3.56,7
2006300,3.53,7
2006301,3.60,7
2006302,3.60,7
2006303,3.65,7
2006304,3.68,7
2006305,3.74,7
2006306,3.79,7
2006307,3.79,7
2006308,3.83,7
2006309,3.82,7
2006310,3.78,7
2006311,3.74,7
2006312,3.72,7
2006313,3.72,7
2006314,3.89,6
2006315,3.79,7
2006316,3.84,7
2006317,3.86,7
2006318,3.83,7
2006319,3.84,7
2006320,3.84,7
2006321,3.81,7
2006322,3.95,6
2006323,3.79,7
2006324,3.76,7
2006325,3.65,7
2006326,3.63,7
2006327,3.58,7
2006328,3.57,7
2006329,3.62,7
2006330,3.67,7
2006331,3.75,7
2006332,3.77,7
2006333,3.76,7
2006334,3.77,7
2006335,3.76,7
2006336,3.76,7
2006337,3.72,7
2006338,3.71,7
2006339,3.73,7
2006340,3.79,7
2006341,3.78,7
2006342,3.79,7
2006343,3.86,7
2006344,3.84,7
2006345,3.88,7
2006346,3.86,7
2006347,3.83,7
2006348,3.81,7
2006349,3.71,7
2006350,3.66,7
2006351,3.58,7
2006352,3.57,7
2006353,3.53,7
2006354,3.54,7
2006355,3.54,7
2006356,3.56,7
2006357,3.61,7
2006358,3.64,7
2006359,3.67,7
2006360,3.71,7
2006361,3.67,7
2006362,3.70,7
2006363,3.67,7
2006364,3.66,7
2006365,3.68,7
2007001,3.82,6
2007002,3.76,7
2007003,3.79,7
2007004,3.81,7
2007005,3.83,7
2007006,3.84,7
2007007,3.86,7
2007008,3.85,7
2007009,3.82,7
2007010,3.73,7
2007011,3.66,7
2007012,3.62,7
2007013,3.60,7
2007014,3.61,7
2007015,3.61,7
2007016,3.60,7
2007017,3.62,7
2007018,3.63,7
2007019,3.64,7
2007020,3.73,7
2007021,3.70,7
2007022,3.70,7
2007023,3.69,7
2007024,3.68,7
2007025,3.61,7
2007026,3.59,7
2007027,3.61,7
2007028,3.63,7
2007029,3.68,7
2007030,3.74,7
2007031,3.74,7
2007032,3.77,7
2007033,3.75,7
2007034,3.72,7
2007035,3.73,7
2007036,3.72,7
2007037,3.69,7
2007038,3.68,7
2007039,3.66,7
2007040,3.61,7
2007041,3.61,7
2007042,3.61,7
2007043,3.61,7
2007044,3.62,7
2007045,3.63,7
2007046,3.63,7
2007047,3.69,7
2007048,3.69,7
2007049,3.66,7
2007050,3.66,7
2007051,3.65,7
2007052,3.61,7
2007053,3.63,7
2007054,3.65,7
2007055,3.64,7
2007056,3.67,7
2007057,3.65,7
2007058,3.65,7
2007059,3.67,7
2007060,3.65,7
2007061,3.66,7
2007062,3.65,7
2007063,3.66,7
2007064,3.61,7
2007065,3.56,7
2007066,3.59,7
2007067,3.57,7
2007068,3.56,7
2007069,3.54,7
2007070,3.52,7
2007071,3.55,7
2007072,3.56,7
2007073,3.53,7
2007074,3.53,7
2007075,3.52,7
2007076,3.53,7
2007077,3.56,7
2007078,3.56,7
2007079,3.56,7
2007080,3.59,7
2007081,3.61,7
2007082,3.65,7
2007083,3.65,7
2007084,3.65,7
2007085,3.66,7
2007086,3.68,7
2007087,3.66,7
2007088,3.67,7
2007089,3.68,7
2007090,3.67,7
2007091,3.66,7
2007092,3.61,7
2007093,3.60,7
2007094,3.58,7
2007095,3.60,7
2007096,3.54,7
2007097,3.54,7
2007098,3.53,7
2007099,3.53,7
2007100,3.52,7
2007101,3.53,7
2007102,3.54,7
2007103,3.55,7
2007104,3.53,7
2007105,3.56,7
2007106,3.54,7
2007107,3.54,7
2007108,3.58,7
2007109,3.55,7
2007110,3.58,7
2007111,3.57,7
2007112,3.56,7
2007113,3.58,7
2007114,3.61,7
2007115,3.63,7
2007116,3.66,7
2007117,3.69,7
2007118,3.71,7
2007119,3.73,7
2007120,3.70,7
2007121,3.69,7
2007122,3.68,7
2007123,3.70,7
2007124,3.65,7
2007125,3.63,7
2007126,3.61,7
2007127,3.57,7
2007128,3.52,7
2007129,3.53,7
2007130,3.58,7
2007131,3.59,7
2007132,3.59,7
2007133,3.65,6
2007134,3.60,7
2007135,3.66,6
2007136,3.67,6
2007137,3.67,6
2007138,3.62,6
2007139,3.64,6
2007140,3.60,6
2007141,3.61,7
2007142,3.62,7
2007143,3.60,7
2007144,3.63,7
2007145,3.63,7
2007146,3.56,7
2007147,3.54,7
2007148,3.58,7
2007149,3.60,7
2007150,3.62,7
2007151,3.62,7
2007152,3.63,7
2007153,3.66,7
2007154,3.68,7
2007155,3.71,7
2007156,3.73,7
2007157,3.76,7
2007158,3.79,7
2007159,3.78,7
2007160,3.78,7
2007161,3.75,7
2007162,3.70,7
2007163,3.66,7
2007164,3.62,7
2007165,3.54,7
2007166,3.55,7
2007167,3.55,7
2007168,3.56,7
2007169,3.54,7
2007170,3.55,7
2007171,3.55,7
2007172,3.53,7
2007173,3.52,7
2007174,3.51,7
2007175,3.53,7
2007176,3.51,7
2007177,3.53,7
2007178,3.56,7
2007179,3.61,7
2007180,3.65,7
2007181,3.67,7
2007182,3.64,7
2007183,3.64,7
2007184,3.64,7
2007185,3.67,7
2007186,3.65,7
2007187,3.65,7
2007188,3.62,7
2007189,3.58,7
2007190,3.59,7
2007191,3.59,7
2007192,3.57,7
2007193,3.59,7
2007194,3.67,7
2007195,3.68,7
2007196,3.67,7
2007197,3.62,6
2007198,3.59,7
2007199,3.59,7
2007200,3.56,7
2007201,3.51,7
2007202,3.49,7
2007203,3.52,7
2007204,3.48,7
2007205,3.48,7
2007206,3.52,7
2007207,3.55,7
2007208,3.57,7
2007209,3.59,7
2007210,3.60,7
2007211,3.61,7
2007212,3.60,7
2007213,3.61,7
2007214,3.59,7
2007215,3.58,7
2007216,3.59,7
2007217,3.58,7
2007218,3.54,7
2007219,3.56,7
2007220,3.56,7
2007221,3.54,7
2007222,3.54,7
2007223,3.54,7
2007224,3.56,7
2007225,3.62,7
2007226,3.59,7
2007227,3.57,7
2007228,3.54,7
2007229,3.51,7
2007230,3.53,7
2007231,3.52,7
2007232,3.51,7
2007233,3.50,7
2007234,3.55,7
2007235,3.57,7
2007236,3.61,7
2007237,3.63,7
2007238,3.63,7
2007239,3.60,7
2007240,3.60,7
2007241,3.59,7
2007242,3.57,7
2007243,3.59,7
2007244,3.58,7
2007245,3.58,7
2007246,3.51,7
2007247,3.47,7
2007248,3.49,7
2007249,3.49,7
2007250,3.48,7
2007251,3.49,7
2007252,3.51,7
2007253,3.50,7
2007254,3.48,7
2007255,3.46,7
2007256,3.49,7
2007257,3.50,7
2007258,3.49,7
2007259,3.48,7
2007260,3.51,7
2007261,3.51,7
2007262,3.51,7
2007263,3.54,7
2007264,3.55,7
2007265,3.55,7
2007266,3.54,7
2007267,3.54,7
2007268,3.55,7
2007269,3.55,7
2007270,3.53,7
2007271,3.51,7
2007272,3.51,7
2007273,3.52,7
2007274,3.52,7
2007275,3.51,7
2007276,3.48,7
2007277,3.49,7
2007278,3.46,7
2007279,3.50,7
2007280,3.50,7
2007281,3.50,7
2007282,3.53,7
2007283,3.50,7
2007284,3.52,7
2007285,3.52,7
2007286,3.51,7
2007287,3.52,7
2007288,3.51,7
2007289,3.52,7
2007290,3.52,7
2007291,3.52,7
2007292,3.53,7
2007293,3.51,7
2007294,3.54,7
2007295,3.57,7
2007296,3.54,7
2007297,3.51,7
2007298,3.51,7
2007299,3.49,7
2007300,3.49,7
2007301,3.50,7
2007302,3.50,7
2007303,3.47,7
2007304,3.47,7
2007305,3.45,7
2007306,3.47,7
2007307,3.49,7
2007308,3.47,7
2007309,3.47,7
2007310,3.48,7
2007311,3.47,7
2007312,3.47,7
2007313,3.46,7
2007314,3.48,7
2007315,3.47,7
2007316,3.48,7
2007317,3.48,7
2007318,3.47,7
2007319,3.47,7
2007320,3.48,7
2007321,3.50,7
2007322,3.50,7
2007323,3.49,7
2007324,3.47,7
2007325,3.45,7
2007326,3.48,7
2007327,3.47,7
2007328,3.49,7
2007329,3.48,7
2007330,3.48,7
2007331,3.48,7
2007332,3.50,7
2007333,3.51,7
2007334,3.48,7
2007335,3.49,7
2007336,3.53,7
2007337,3.51,7
2007338,3.54,7
2007339,3.54,7
2007340,3.55,7
2007341,3.56,7
2007342,3.61,7
2007343,3.60,7
2007344,3.57,7
2007345,3.57,7
2007346,3.63,7
2007347,3.64,7
2007348,3.64,7
2007349,3.63,7
2007350,3.59,7
2007351,3.53,7
2007352,3.46,7
2007353,3.47,7
2007354,3.46,7
2007355,3.46,7
2007356,3.47,7
2007357,3.45,7
2007358,3.45,7
2007359,3.45,7
2007360,3.49,7
2007361,3.48,7
2007362,3.49,7
2007363,3.48,7
2007364,3.45,7
2007365,3.49,7
2008001,3.52,7
2008002,3.56,7
2008003,3.60,7
2008004,3.65,7
2008005,3.69,7
2008006,3.69,7
2008007,3.64,7
2008008,3.65,7
2008009,3.62,7
2008010,3.62,7
2008011,3.62,7
2008012,3.60,7
2008013,3.59,7
2008014,3.52,7
2008015,3.45,7
2008016,3.44,7
2008017,3.48,7
2008018,3.48,7
2008019,3.46,7
2008020,3.45,7
2008021,3.45,7
2008022,3.45,7
2008023,3.46,7
2008024,3.47,7
2008025,3.46,7
2008026,3.46,7
2008027,3.49,7
2008028,3.50,7
2008029,3.50,7
2008030,3.55,7
2008031,3.54,7
2008032,3.70,6
2008033,3.61,7
2008034,3.59,7
2008035,3.59,7
2008036,3.62,7
2008037,3.54,7
2008038,3.56,7
2008039,3.54,7
2008040,3.50,7
2008041,3.48,7
2008042,3.48,7
2008043,3.45,7
2008044,3.49,7
2008045,3.45,7
2008046,3.42,7
2008047,3.41,7
2008048,3.44,7
2008049,3.48,7
2008050,3.47,7
2008051,3.47,7
2008052,3.46,7
2008053,3.49,7
2008054,3.46,7
2008055,3.47,7
2008056,3.50,7
2008057,3.54,7
2008058,3.52,7
2008059,3.52,7
2008060,3.50,7
2008061,3.50,7
2008062,3.51,7
2008063,3.52,7
2008064,3.49,7
2008065,3.49,7
2008066,3.50,7
2008067,3.51,7
2008068,3.48,7
2008069,3.46,7
2008070,3.48,7
2008071,3.43,7
2008072,3.44,7
2008073,3.43,7
2008074,3.44,7
2008075,3.44,7
2008076,3.46,7
2008077,3.49,7
2008078,3.45,7
2008079,3.44,7
2008080,3.45,7
2008081,3.47,7
2008082,3.52,7
2008083,3.53,7
2008084,3.57,7
2008085,3.55,7
2008086,3.59,7
2008087,3.65,7
2008088,3.68,7
2008089,3.72,7
2008090,3.71,7
2008091,3.68,7
2008092,3.65,7
2008093,3.63,7
2008094,3.57,7
2008095,3.55,7
2008096,3.48,7
2008097,3.52,7
2008098,3.43,7
2008099,3.45,7
2008100,3.54,6
2008101,3.43,7
2008102,3.41,7
2008103,3.41,7
2008104,3.46,7
2008105,3.43,7
2008106,3.45,7
2008107,3.48,7
2008108,3.47,7
2008109,3.48,7
2008110,3.52,7
2008111,3.56,7
2008112,3.59,7
2008113,3.60,7
2008114,3.63,7
2008115,3.65,7
2008116,3.64,7
2008117,3.64,7
2008118,3.58,7
2008119,3.59,7
2008120,3.59,7
2008121,3.54,7
2008122,3.50,7
2008123,3.46,7
2008124,3.47,7
2008125,3.48,7
2008126,3.44,7
2008127,3.44,7
2008128,3.45,7
2008129,3.46,7
2008130,3.51,6
2008131,3.48,7
2008132,3.48,7
2008133,3.48,7
2008134,3.48,7
2008135,3.47,7
2008136,3.55,7
2008137,3.55,7
2008138,3.58,7
2008139,3.59,6
2008140,3.61,7
2008141,3.62,7
2008142,3.60,7
2008143,3.61,7
2008144,3.60,7
2008145,3.59,7
2008146,3.56,7
2008147,3.54,7
2008148,3.54,7
2008149,3.48,7
2008150,3.49,7
2008151,3.47,7
2008152,3.43,7
2008153,3.41,7
2008154,3.41,7
2008155,3.43,7
2008156,3.44,7
2008157,3.43,7
2008158,3.42,7
2008159,3.44,7
2008160,3.45,7
2008161,3.41,7
2008162,3.41,7
2008163,3.42,7
2008164,3.46,7
2008165,3.51,7
2008166,3.53,7
2008167,3.53,7
2008168,3.52,7
2008169,3.50,7
2008170,3.53,7
2008171,3.53,7
2008172,3.52,7
2008173,3.51,7
2008174,3.50,7
2008175,3.48,7
2008176,3.47,7
2008177,3.45,7
2008178,3.42,7
2008179,3.43,7
2008180,3.40,7
2008181,3.42,7
2008182,3.43,7
2008183,3.45,7
2008184,3.43,7
2008185,3.44,7
2008186,3.46,7
2008187,3.45,7
2008188,3.44,7
2008189,3.45,7
2008190,3.44,7
2008191,3.54,6
2008192,3.46,7
2008193,3.47,7
2008194,3.45,7
2008195,3.47,7
2008196,3.52,7
2008197,3.51,7
2008198,3.46,7
2008199,3.49,7
2008200,3.51,7
2008201,3.51,7
2008202,3.50,7
2008203,3.49,7
2008204,3.52,7
2008205,3.48,7
2008206,3.46,7
2008207,3.42,7
2008208,3.41,7
2008209,3.41,7
2008210,3.42,7
2008211,3.43,7
2008212,3.44,7
2008213,3.43,7
2008214,3.46,7
2008215,3.44,7
2008216,3.46,7
2008217,3.42,7
2008218,3.46,7
2008219,3.45,7
2008220,3.45,7
2008221,3.44,7
2008222,3.46,7
2008223,3.47,7
2008224,3.44,7
2008225,3.43,7
2008226,3.44,7
2008227,3.45,7
2008228,3.47,7
2008229,3.49,7
2008230,3.46,7
2008231,3.45,7
2008232,3.51,7
2008233,3.47,7
2008234,3.47,7
2008235,3.45,7
2008236,3.47,7
2008237,3.45,7
2008238,3.43,7
2008239,3.47,7
2008240,3.46,7
2008241,3.47,7
2008242,3.46,7
2008243,3.46,7
2008244,3.47,7
2008245,3.44,7
2008246,3.46,7
2008247,3.46,7
2008248,3.44,7
2008249,3.47,7
2008250,3.50,7
2008251,3.50,7
2008252,3.48,7
2008253,3.46,7
2008254,3.47,7
2008255,3.47,7
2008256,3.45,7
2008257,3.43,7
2008258,3.43,7
2008259,3.45,7
2008260,3.45,7
2008261,3.46,7
2008262,3.43,7
2008263,3.42,7
2008264,3.43,7
2008265,3.43,7
2008266,3.48,7
2008267,3.48,7
2008268,3.49,7
2008269,3.54,7
2008270,3.49,7
2008271,3.46,7
2008272,3.43,7
2008273,3.43,7
2008274,3.46,7
2008275,3.44,7
2008276,3.45,7
2008277,3.43,7
2008278,3.43,7
2008279,3.45,7
2008280,3.46,7
2008281,3.47,7
2008282,3.49,7
2008283,3.48,7
2008284,3.47,7
2008285,3.51,7
2008286,3.48,7
2008287,3.51,7
2008288,3.52,7
2008289,3.54,7
2008290,3.58,7
2008291,3.54,7
2008292,3.49,7
2008293,3.50,7
2008294,3.54,7
2008295,3.47,7
2008296,3.47,7
2008297,3.46,7
2008298,3.49,7
2008299,3.50,7
2008300,3.47,7
2008301,3.46,7
2008302,3.48,7
2008303,3.46,7
2008304,3.46,7
2008305,3.49,7
2008306,3.50,7
2008307,3.50,7
2008308,3.48,7
2008309,3.50,7
2008310,3.44,7
2008311,3.47,7
2008312,3.47,7
2008313,3.49,7
2008314,3.51,7
2008315,3.50,7
2008316,3.54,7
2008317,3.55,7
2008318,3.57,7
2008319,3.52,7
2008320,3.50,7
2008321,3.49,7
2008322,3.51,7
2008323,3.46,7
2008324,3.46,7
2008325,3.42,7
2008326,3.43,7
2008327,3.40,7
2008328,3.44,7
2008329,3.46,7
2008330,3.46,7
2008331,3.46,7
2008332,3.47,7
2008333,3.44,7
2008334,3.43,7
2008335,3.47,7
2008336,3.49,7
2008337,3.43,7
2008338,3.45,7
2008339,3.49,7
2008340,3.49,7
2008341,3.48,7
2008342,3.48,7
2008343,3.47,7
2008344,3.48,7
2008345,3.47,7
2008346,3.47,7
2008347,3.44,7
2008348,3.45,7
2008349,3.44,7
2008350,3.44,7
2008351,3.45,7
2008352,3.48,7
2008353,3.48,7
2008354,3.50,7
2008355,3.49,7
2008356,3.50,7
2008357,3.44,7
2008358,3.44,7
2008359,3.45,7
2008360,3.46,7
2008361,3.49,7
2008362,3.49,7
2008363,3.50,7
2008364,3.50,7
2008365,3.51,7
2008366,3.47,6
2009001,3.44,7
2009002,3.46,7
2009003,3.47,7
2009004,3.53,6
2009005,3.52,6
2009006,3.55,6
2009007,3.45,6
2009008,3.43,6
2009009,3.45,6
2009010,3.47,6
2009011,3.48,6
2009012,3.50,6
2009013,3.52,6
2009014,3.54,6
2009015,3.50,7
2009016,3.48,7
2009017,3.51,7
2009018,3.50,7
2009019,3.47,7
2009020,3.47,7
2009021,3.47,7
2009022,3.47,7
2009023,3.46,7
2009024,3.47,7
2009025,3.48,7
2009026,3.47,7
2009027,3.43,7
2009028,3.46,7
2009029,3.44,7
2009030,3.45,7
2009031,3.47,7
2009032,3.44,7
2009033,3.48,7
2009034,3.48,7
2009035,3.48,7
2009036,3.50,7
2009037,3.45,7
2009038,3.49,7
2009039,3.47,7
2009040,3.49,7
2009041,3.48,7
2009042,3.47,7
2009043,3.48,7
2009044,3.44,7
2009045,3.46,7
2009046,3.45,7
2009047,3.48,7
2009048,3.49,7
2009049,3.46,7
2009050,3.46,7
2009051,3.45,7
2009052,3.44,7
2009053,3.46,7
2009054,3.46,7
2009055,3.38,7
2009056,3.45,7
2009057,3.42,7
2009058,3.44,7
2009059,3.47,7
2009060,3.46,7
2009061,3.45,7
2009062,3.46,7
2009063,3.43,7
2009064,3.46,7
2009065,3.48,7
2009066,3.46,7
2009067,3.49,7
2009068,3.48,7
2009069,3.46,7
2009070,3.46,7
2009071,3.47,7
2009072,3.46,7
2009073,3.45,7
2009074,3.45,7
2009075,3.45,7
2009076,3.44,7
2009077,3.48,7
2009078,3.45,7
2009079,3.47,7
2009080,3.48,7
2009081,3.48,7
2009082,3.50,7
2009083,3.47,7
2009084,3.48,7
2009085,3.46,7
2009086,3.46,7
2009087,3.50,7
2009088,3.51,7
2009089,3.50,7
2009090,3.46,7
2009091,3.49,7
2009092,3.51,7
2009093,3.48,7
2009094,3.48,7
2009095,3.52,7
2009096,3.51,7
2009097,3.55,6
2009098,3.47,7
2009099,3.56,6
2009100,3.45,7
2009101,3.50,6
2009102,3.46,7
2009103,3.43,7
2009104,3.45,7
2009105,3.46,7
2009106,3.46,7
2009107,3.50,7
2009108,3.50,7
2009109,3.45,7
2009110,3.44,7
2009111,3.44,7
2009112,3.46,7
2009113,3.44,7
2009114,3.45,7
2009115,3.45,7
2009116,3.47,7
2009117,3.48,7
2009118,3.48,7
2009119,3.44,7
2009120,3.46,7
2009121,3.45,7
2009122,3.49,7
2009123,3.48,7
2009124,3.46,7
2009125,3.46,7
2009126,3.46,7
2009127,3.50,7
2009128,3.49,7
2009129,3.48,7
2009130,3.52,7
2009131,3.51,7
2009132,3.55,7
2009133,3.56,7
2009134,3.53,7
2009135,3.54,7
2009136,3.57,7
2009137,3.60,7
2009138,3.60,7
2009139,3.60,7
2009140,3.52,7
2009141,3.55,7
2009142,3.56,7
2009143,3.48,6
2009144,3.52,7
2009145,3.52,7
2009146,3.50,7
2009147,3.45,7
2009148,3.46,7
2009149,3.48,7
2009150,3.46,7
2009151,3.49,7
2009152,3.50,7
2009153,3.51,7
2009154,3.56,7
2009155,3.57,7
2009156,3.56,7
2009157,3.55,7
2009158,3.56,7
2009159,3.56,7
2009160,3.57,7
2009161,3.53,7
2009162,3.56,7
2009163,3.53,7
2009164,3.53,7
2009165,3.54,7
2009166,3.54,7
2009167,3.53,7
2009168,3.51,7
2009169,3.49,7
2009170,3.50,7
2009171,3.47,7
2009172,3.48,7
2009173,3.46,7
2009174,3.46,7
2009175,3.47,7
2009176,3.49,7
2009177,3.51,7
2009178,3.49,7
2009179,3.50,7
2009180,3.50,7
2009181,3.47,7
2009182,3.53,7
2009183,3.48,7
2009184,3.47,7
2009185,3.51,7
2009186,3.54,7
2009187,3.53,7
2009188,3.52,7
2009189,3.49,7
2009190,3.48,7
2009191,3.47,7
2009192,3.44,7
2009193,3.48,7
2009194,3.52,7
2009195,3.44,7
2009196,3.50,7
2009197,3.46,7
2009198,3.44,7
2009199,3.46,7
2009200,3.46,7
2009201,3.46,7
2009202,3.47,7
2009203,3.51,7
2009204,3.49,7
2009205,3.52,7
2009206,3.52,7
2009207,3.49,7
2009208,3.48,7
2009209,3.51,7
2009210,3.53,7
2009211,3.52,7
2009212,3.56,7
2009213,3.52,7
2009214,3.52,7
2009215,3.52,7
2009216,3.47,7
2009217,3.47,7
2009218,3.46,7
2009219,3.50,7
2009220,3.45,7
2009221,3.44,7
2009222,3.46,7
2009223,3.48,7
2009224,3.48,7
2009225,3.47,7
2009226,3.48,7
2009227,3.46,7
2009228,3.47,7
2009229,3.47,7
2009230,3.49,7
2009231,3.48,7
2009232,3.48,7
2009233,3.45,7
2009234,3.43,7
2009235,3.47,7
2009236,3.45,7
2009237,3.45,7
2009238,3.48,7
2009239,3.51,7
2009240,3.51,7
2009241,3.54,7
2009242,3.53,7
2009243,3.47,7
2009244,3.50,7
2009245,3.50,7
2009246,3.50,7
2009247,3.50,7
2009248,3.46,7
2009249,3.50,7
2009250,3.48,7
2009251,3.46,7
2009252,3.46,7
2009253,3.48,7
2009254,3.47,7
2009255,3.46,7
2009256,3.44,7
2009257,3.47,7
2009258,3.48,7
2009259,3.48,7
2009260,3.48,7
2009261,3.47,7
2009262,3.47,7
2009263,3.48,7
2009264,3.51,7
2009265,3.53,7
2009266,3.52,7
2009267,3.55,7
2009268,3.57,7
2009269,3.60,6
2009270,3.57,7
2009271,3.53,7
2009272,3.53,7
2009273,3.54,7
2009274,3.50,7
2009275,3.51,7
2009276,3.51,7
2009277,3.50,7
2009278,3.49,7
2009279,3.45,7
2009280,3.46,7
2009281,3.44,7
2009282,3.45,7
2009283,3.44,7
2009284,3.48,7
2009285,3.52,7
2009286,3.53,7
2009287,3.51,7
2009288,3.54,6
2009289,3.56,6
2009290,3.53,7
2009291,3.50,7
2009292,3.55,7
2009293,3.57,7
2009294,3.57,7
2009295,3.57,7
2009296,3.58,7
2009297,3.59,7
2009298,3.65,7
2009299,3.68,7
2009300,3.65,7
2009301,3.59,7
2009302,3.54,7
2009303,3.48,7
2009304,3.49,7
2009305,3.47,7
2009306,3.45,7
2009307,3.45,7
2009308,3.45,7
2009309,3.47,7
2009310,3.49,7
2009311,3.47,7
2009312,3.45,7
2009313,3.47,7
2009314,3.50,7
2009315,3.50,7
2009316,3.53,7
2009317,3.51,7
2009318,3.54,7
2009319,3.54,6
2009320,3.54,6
2009321,3.64,7
2009322,3.66,7
2009323,3.67,7
2009324,3.65,7
2009325,3.68,7
2009326,3.68,7
2009327,3.67,7
2009328,3.64,7
2009329,3.62,7
2009330,3.60,7
2009331,3.54,7
2009332,3.54,7
2009333,3.51,7
2009334,3.49,7
2009335,3.47,7
2009336,3.50,7
2009337,3.49,7
2009338,3.49,7
2009339,3.47,7
2009340,3.44,7
2009341,3.46,7
2009342,3.49,7
2009343,3.50,7
2009344,3.51,7
2009345,3.52,7
2009346,3.57,7
2009347,3.61,7
2009348,3.62,7
2009349,3.62,7
2009350,3.67,7
2009351,3.66,7
2009352,3.69,7
2009353,3.65,6
2009354,3.70,7
2009355,3.69,7
2009356,3.65,7
2009357,3.63,7
2009358,3.63,7
2009359,3.59,7
2009360,3.57,7
2009361,3.56,7
2009362,3.56,7
2009363,3.53,7
2009364,3.56,7
2009365,3.47,6
2010001,3.56,7
2010002,3.58,7
2010003,3.54,7
2010004,3.52,7
2010005,3.54,7
2010006,3.55,7
2010007,3.54,7
2010008,3.57,7
2010009,3.64,7
2010010,3.69,7
2010011,3.72,7
2010012,3.74,7
2010013,3.79,7
2010014,3.72,7
2010015,3.72,7
2010016,3.70,7
2010017,3.67,7
2010018,3.62,7
2010019,3.63,7
2010020,3.59,7
2010021,3.58,7
2010022,3.59,7
2010023,3.65,7
2010024,3.63,7
2010025,3.62,7
2010026,3.61,7
2010027,3.63,7
2010028,3.58,7
2010029,3.64,7
2010030,3.64,7
2010031,3.63,7
2010032,3.58,7
2010033,3.54,7
2010034,3.52,7
2010035,3.57,7
2010036,3.59,7
2010037,3.63,7
2010038,3.71,7
2010039,3.81,7
2010040,3.80,7
2010041,3.86,7
2010042,3.85,7
2010043,3.88,7
2010044,3.86,7
2010045,3.83,7
2010046,3.75,7
2010047,3.78,7
2010048,3.78,7
2010049,3.79,7
2010050,3.75,7
2010051,3.75,7
2010052,3.75,7
2010053,3.72,7
2010054,3.68,7
2010055,3.68,7
2010056,3.68,7
2010057,3.69,7
2010058,3.66,7
2010059,3.64,6
2010060,3.64,7
2010061,3.63,7
2010062,3.67,7
2010063,3.66,7
2010064,3.63,7
2010065,3.64,7
2010066,3.64,7
2010067,3.66,7
2010068,3.67,7
2010069,3.74,7
2010070,3.75,7
2010071,3.80,7
2010072,3.84,7
2010073,3.85,7
2010074,3.87,7
2010075,3.85,7
2010076,3.83,7
2010077,3.83,7
2010078,3.81,7
2010079,3.78,7
2010080,3.78,7
2010081,3.78,7
2010082,3.76,7
2010083,3.74,7
2010084,3.76,7
2010085,3.75,7
2010086,3.70,7
2010087,3.71,7
2010088,3.68,7
2010089,3.67,7
2010090,3.68,7
2010091,3.67,7
2010092,3.63,7
2010093,3.65,7
2010094,3.67,7
2010095,3.69,7
2010096,3.72,7
2010097,3.76,7
2010098,3.79,7
2010099,3.76,7
2010100,3.74,7
2010101,3.72,7
2010102,3.69,7
2010103,3.67,7
2010104,3.68,7
2010105,3.68,7
2010106,3.67,7
2010107,3.66,7
2010108,3.67,7
2010109,3.67,7
2010110,3.69,7
2010111,3.69,7
2010112,3.69,7
2010113,3.67,7
2010114,3.72,7
2010115,3.72,7
2010116,3.73,7
2010117,3.74,7
2010118,3.73,7
2010119,3.73,7
2010120,3.71,7
2010121,3.77,7
2010122,3.71,7
2010123,3.74,7
2010124,3.79,7
2010125,3.85,7
2010126,3.86,7
2010127,3.86,7
2010128,3.83,7
2010129,3.79,7
2010130,3.76,7
2010131,3.71,7
2010132,3.65,7
2010133,3.62,7
2010134,3.59,7
2010135,3.58,7
2010136,3.57,7
2010137,3.60,7
2010138,3.61,7
2010139,3.63,7
2010140,3.62,7
2010141,3.62,7
2010142,3.66,7
2010143,3.68,7
2010144,3.70,7
2010145,3.69,7
2010146,3.68,7
2010147,3.68,7
2010148,3.68,7
2010149,3.68,7
2010150,3.66,7
2010151,3.69,7
2010152,3.73,7
2010153,3.70,7
2010154,3.66,7
2010155,3.65,7
2010156,3.63,7
2010157,3.59,7
2010158,3.55,7
2010159,3.57,7
2010160,3.59,7
2010161,3.61,7
2010162,3.65,7
2010163,3.65,7
2010164,3.63,7
2010165,3.64,7
2010166,3.64,7
2010167,3.66,7
2010168,3.69,7
2010169,3.68,7
2010170,3.68,7
2010171,3.67,7
2010172,3.68,7
2010173,3.72,7
2010174,3.72,7
2010175,3.72,7
2010176,3.71,7
2010177,3.71,7
2010178,3.69,7
2010179,3.71,7
2010180,3.77,7
2010181,3.78,7
2010182,3.79,7
2010183,3.76,7
2010184,3.74,7
2010185,3.73,7
2010186,3.71,7
2010187,3.69,7
2010188,3.69,7
2010189,3.70,7
2010190,3.69,7
2010191,3.75,7
2010192,3.74,7
2010193,3.80,7
2010194,3.82,7
2010195,3.80,7
2010196,3.81,7
2010197,3.79,7
2010198,3.82,7
2010199,3.83,7
2010200,3.81,7
2010201,3.81,7
2010202,3.76,7
2010203,3.77,7
2010204,3.78,7
2010205,3.80,7
2010206,3.78,7
2010207,3.87,7
2010208,3.84,7
2010209,3.87,7
2010210,3.83,7
2010211,3.82,7
2010212,3.83,7
2010213,3.78,7
2010214,3.76,7
2010215,3.74,7
2010216,3.77,7
2010217,3.86,7
2010218,3.86,7
2010219,3.87,7
2010220,3.87,7
2010221,3.89,7
2010222,3.87,7
2010223,3.90,7
2010224,3.89,7
2010225,3.90,7
2010226,3.86,7
2010227,3.82,7
2010228,3.80,7
2010229,3.79,7
2010230,3.78,7
2010231,3.76,7
2010232,3.73,7
2010233,3.73,7
2010234,3.71,7
2010235,3.70,7
2010236,3.69,7
2010237,3.67,7
2010238,3.68,7
2010239,3.68,7
2010240,3.64,7
2010241,3.66,7
2010242,3.67,7
2010243,3.67,7
2010244,3.76,7
2010245,3.81,7
2010246,3.84,7
2010247,3.82,7
2010248,3.84,7
2010249,3.84,7
2010250,3.80,7
2010251,3.79,7
2010252,3.74,7
2010253,3.75,7
2010254,3.79,7
2010255,3.81,7
2010256,3.82,7
2010257,3.80,7
2010258,3.79,7
2010259,3.81,7
2010260,3.83,7
2010261,3.85,7
2010262,3.87,7
2010263,3.89,7
2010264,3.87,7
2010265,3.87,7
2010266,3.82,7
2010267,3.70,6
2010268,3.86,7
2010269,3.81,7
2010270,3.80,6
2010271,3.83,6
2010272,3.81,6
2010273,3.73,6
2010274,3.74,6
2010275,3.71,6
2010276,3.74,7
2010277,3.73,7
2010278,3.70,7
2010279,3.56,6
2010280,3.65,7
2010281,3.67,7
2010282,3.66,7
2010283,3.69,7
2010284,3.69,7
2010285,3.67,7
2010286,3.73,7
2010287,3.81,7
2010288,3.86,7
2010289,3.88,7
2010290,3.85,7
2010291,3.88,7
2010292,3.91,7
2010293,3.87,7
2010294,3.85,7
2010295,3.84,7
2010296,3.81,7
2010297,3.84,7
2010298,3.83,7
2010299,3.81,7
2010300,3.81,7
2010301,3.77,7
2010302,3.74,7
2010303,3.70,7
2010304,3.68,7
2010305,3.55,6
2010306,3.56,6
2010307,3.56,6
2010308,3.60,6
2010309,3.59,6
2010310,3.77,7
2010311,3.80,7
2010312,3.82,7
2010313,3.81,7
2010314,3.87,7
2010315,3.87,7
2010316,3.85,7
2010317,3.87,7
2010318,3.76,6
2010319,3.87,7
2010320,3.74,6
2010321,3.89,7
2010322,3.84,7
2010323,3.84,7
2010324,3.81,7
2010325,3.78,7
2010326,3.76,7
2010327,3.78,7
2010328,3.79,7
2010329,3.76,7
2010330,3.73,7
2010331,3.70,7
2010332,3.69,7
2010333,3.68,7
2010334,3.65,7
2010335,3.68,7
2010336,3.71,7
2010337,3.75,7
2010338,3.77,7
2010339,3.82,7
2010340,3.84,7
2010341,3.84,7
2010342,3.84,7
2010343,3.75,6
2010344,3.82,7
2010345,3.86,7
2010346,3.89,7
2010347,3.88,7
2010348,3.84,7
2010349,3.84,7
2010350,3.84,7
2010351,3.83,7
2010352,3.86,7
2010353,3.86,7
2010354,3.88,7
2010355,3.86,7
2010356,3.85,7
2010357,3.86,7
2010358,3.78,7
2010359,3.73,7
2010360,3.72,7
2010361,3.60,6
2010362,3.56,6
2010363,3.59,6
2010364,3.60,6
2010365,3.64,6
2011001,3.68,6
2011002,3.71,6
2011003,3.76,6
2011004,3.92,7
2011005,3.90,7
2011006,3.89,7
2011007,3.88,7
2011008,3.86,7
2011009,3.84,7
2011010,3.78,7
2011011,3.74,7
2011012,3.72,7
2011013,3.71,7
2011014,3.70,7
2011015,3.68,7
2011016,3.71,7
2011017,3.73,7
2011018,3.66,6
2011019,3.76,7
2011020,3.76,7
2011021,3.77,7
2011022,3.75,7
2011023,3.72,7
2011024,3.69,7
2011025,3.64,7
2011026,3.65,7
2011027,3.61,7
2011028,3.63,7
2011029,3.63,6
2011030,3.66,6
2011031,3.76,7
2011032,3.80,7
2011033,3.80,7
2011034,3.83,7
2011035,3.84,7
2011036,3.81,7
2011037,3.81,7
2011038,3.81,7
2011039,3.85,7
2011040,3.87,7
2011041,3.85,7
2011042,3.85,7
2011043,3.90,7
2011044,3.96,7
2011045,4.02,7
2011046,4.06,7
2011047,4.01,7
2011048,3.98,7
2011049,3.99,7
2011050,3.93,7
2011051,3.85,7
2011052,3.80,7
2011053,3.73,7
2011054,3.69,7
2011055,3.63,7
2011056,3.63,7
2011057,3.69,7
2011058,3.70,7
2011059,3.81,7
2011060,3.89,7
2011061,3.90,7
2011062,3.98,7
2011063,4.00,7
2011064,4.07,7
2011065,4.11,7
2011066,4.16,7
2011067,4.15,7
2011068,4.09,7
2011069,4.04,7
2011070,3.99,7
2011071,4.08,7
2011072,4.09,7
2011073,4.04,7
2011074,4.01,7
2011075,3.83,6
2011076,3.85,7
2011077,3.82,7
2011078,3.79,7
2011079,3.75,7
2011080,3.73,7
2011081,3.71,7
2011082,3.67,6
2011083,3.82,6
2011084,3.95,7
2011085,4.07,7
2011086,4.17,7
2011087,4.24,7
2011088,4.29,7
2011089,4.34,7
2011090,4.38,7
2011091,4.38,7
2011092,4.38,7
2011093,4.29,6
2011094,4.38,7
2011095,4.32,7
2011096,4.29,7
2011097,4.30,7
2011098,4.28,7
2011099,4.26,7
2011100,4.24,7
2011101,4.18,7
2011102,4.19,7
2011103,4.18,7
2011104,4.19,7
2011105,4.14,7
2011106,4.09,7
2011107,4.06,7
2011108,4.03,7
2011109,3.98,7
2011110,3.99,7
2011111,4.05,7
2011112,4.12,7
2011113,4.14,7
2011114,4.19,7
2011115,4.23,7
2011116,4.28,7
2011117,4.32,7
2011118,4.32,7
2011119,4.32,7
2011120,4.29,7
2011121,4.23,7
2011122,4.23,7
2011123,4.24,7
2011124,4.25,7
2011125,4.25,7
2011126,4.20,7
2011127,4.25,7
2011128,4.25,7
2011129,4.26,7
2011130,4.23,7
2011131,4.17,7
2011132,4.12,7
2011133,4.08,7
2011134,4.02,7
2011135,3.97,7
2011136,3.94,7
2011137,3.69,6
2011138,3.77,6
2011139,3.94,7
2011140,3.93,7
2011141,3.99,7
2011142,4.02,7
2011143,4.03,7
2011144,4.02,7
2011145,4.02,7
2011146,4.02,7
2011147,3.99,7
2011148,4.01,7
2011149,4.09,7
2011150,4.15,7
2011151,4.18,7
2011152,4.18,7
2011153,4.31,7
2011154,4.29,7
2011155,4.30,7
2011156,4.34,7
2011157,4.27,7
2011158,4.20,7
2011159,4.13,7
2011160,4.03,7
2011161,3.96,7
2011162,3.93,7
2011163,3.94,7
2011164,3.92,7
2011165,3.91,7
2011166,3.96,7
2011167,4.01,7
2011168,4.08,7
2011169,4.12,7
2011170,4.16,7
2011171,4.22,7
2011172,4.18,7
2011173,4.16,7
2011174,4.10,7
2011175,4.15,7
2011176,4.11,7
2011177,4.03,7
2011178,3.98,7
2011179,3.99,7
2011180,3.98,7
2011181,4.00,7
2011182,4.01,7
2011183,4.01,7
2011184,3.97,7
2011185,3.95,7
2011186,3.83,6
2011187,3.93,7
2011188,3.93,7
2011189,3.91,7
2011190,3.92,7
2011191,3.90,7
2011192,3.91,7
2011193,4.03,7
2011194,4.09,7
2011195,4.16,7
2011196,4.18,7
2011197,4.22,7
2011198,4.28,7
2011199,4.27,7
2011200,4.23,7
2011201,4.16,7
2011202,4.12,7
2011203,4.06,7
2011204,4.02,7
2011205,3.94,7
2011206,3.90,7
2011207,3.94,7
2011208,3.98,7
2011209,4.06,7
2011210,4.09,7
2011211,4.07,7
2011212,4.09,7
2011213,4.14,7
2011214,4.11,7
2011215,4.10,7
2011216,4.12,7
2011217,4.07,7
2011218,4.04,7
2011219,4.02,7
2011220,4.06,7
2011221,4.02,7
2011222,4.05,7
2011223,4.08,7
2011224,4.06,7
2011225,4.04,7
2011226,4.04,7
2011227,4.02,7
2011228,4.02,7
2011229,4.08,7
2011230,4.08,7
2011231,3.93,7
2011232,4.01,7
2011233,3.98,7
2011234,4.04,7
2011235,4.08,7
2011236,4.13,7
2011237,4.20,7
2011238,4.19,7
2011239,4.21,7
2011240,4.15,7
2011241,4.11,7
2011242,4.20,7
2011243,4.19,7
2011244,4.20,7
2011245,4.22,7
2011246,4.23,7
2011247,4.18,7
2011248,4.20,7
2011249,4.18,7
2011250,4.06,6
2011251,4.07,6
2011252,4.08,6
2011253,4.07,6
2011254,4.04,6
2011255,4.02,6
2011256,4.06,6
2011257,4.23,6
2011258,4.24,6
2011259,4.47,7
2011260,4.49,7
2011261,4.54,7
2011262,4.50,7
2011263,4.49,7
2011264,4.48,7
2011265,4.49,7
2011266,4.42,7
2011267,4.42,7
2011268,4.46,7
2011269,4.45,7
2011270,4.44,7
2011271,4.46,7
2011272,4.48,7
2011273,4.45,7
2011274,4.45,7
2011275,4.43,7
2011276,4.44,7
2011277,4.50,7
2011278,4.49,7
2011279,4.49,7
2011280,4.47,7
2011281,4.41,7
2011282,4.42,7
2011283,4.45,7
2011284,4.46,7
2011285,4.54,7
2011286,4.55,7
2011287,4.54,7
2011288,4.53,7
2011289,4.57,7
2011290,4.55,7
2011291,4.53,7
2011292,4.53,7
2011293,4.66,7
2011294,4.67,7
2011295,4.64,7
2011296,4.60,7
2011297,4.56,7
2011298,4.55,7
2011299,4.53,7
2011300,4.51,7
2011301,4.42,7
2011302,4.36,7
2011303,4.34,7
2011304,4.31,7
2011305,4.32,7
2011306,4.43,7
2011307,4.49,7
2011308,4.52,7
2011309,4.61,7
2011310,4.75,7
2011311,4.83,7
2011312,4.91,7
2011313,4.99,7
2011314,5.00,7
2011315,4.96,7
2011316,4.91,7
2011317,4.90,7
2011318,4.83,7
2011319,4.77,7
2011320,4.72,7
2011321,4.76,7
2011322,4.72,7
2011323,4.71,7
2011324,4.72,7
2011325,4.72,7
2011326,4.71,7
2011327,4.69,7
2011328,4.60,7
2011329,4.55,7
2011330,4.47,7
2011331,4.45,7
2011332,4.46,7
2011333,4.48,7
2011334,4.53,7
2011335,4.56,7
2011336,4.66,7
2011337,4.78,7
2011338,4.87,7
2011339,4.93,7
2011340,4.89,7
2011341,4.94,7
2011342,4.95,7
2011343,4.68,6
2011344,4.57,6
2011345,4.52,6
2011346,4.41,6
2011347,4.58,7
2011348,4.59,7
2011349,4.49,7
2011350,4.55,7
2011351,4.65,7
2011352,4.67,7
2011353,4.67,7
2011354,4.65,7
2011355,4.73,7
2011356,4.65,7
2011357,4.55,7
2011358,4.52,7
2011359,4.50,7
2011360,4.46,7
2011361,4.47,7
2011362,4.47,7
2011363,4.53,7
2011364,4.53,7
2011365,4.59,7
2012001,4.57,7
2012002,4.53,7
2012003,4.57,7
2012004,4.62,7
2012005,4.62,7
2012006,4.54,7
2012007,4.45,7
2012008,4.41,7
2012009,4.34,7
2012010,4.33,7
2012011,4.31,7
2012012,4.31,7
2012013,4.31,7
2012014,4.36,7
2012015,4.40,7
2012016,4.52,7
2012017,4.59,7
2012018,4.58,7
2012019,4.54,7
2012020,4.44,7
2012021,4.44,7
2012022,4.41,7
2012023,4.42,7
2012024,4.39,7
2012025,4.36,7
2012026,4.32,7
2012027,4.29,7
2012028,4.28,7
2012029,4.34,7
2012030,4.37,7
2012031,4.43,7
2012032,4.40,7
2012033,4.39,7
2012034,4.34,7
2012035,4.27,7
2012036,4.23,7
2012037,4.17,7
2012038,4.16,7
2012039,4.15,7
2012040,4.14,7
2012041,4.17,7
2012042,4.18,7
2012043,4.22,7
2012044,4.26,7
2012045,4.33,7
2012046,4.30,7
2012047,4.22,7
2012048,4.24,7
2012049,4.19,7
2012050,4.16,7
2012051,4.25,7
2012052,4.20,7
2012053,4.19,7
2012054,4.18,7
2012055,4.21,7
2012056,4.27,7
2012057,4.31,7
2012058,4.38,7
2012059,4.38,7
2012060,4.36,7
2012061,4.38,7
2012062,4.30,7
2012063,4.27,7
2012064,4.28,7
2012065,4.27,7
2012066,4.25,7
2012067,4.27,7
2012068,4.24,7
2012069,4.26,7
2012070,4.24,7
2012071,4.24,7
2012072,4.22,7
2012073,4.22,7
2012074,4.19,7
2012075,4.17,7
2012076,4.11,7
2012077,4.13,7
2012078,4.13,7
2012079,4.16,7
2012080,4.13,7
2012081,4.15,7
2012082,4.19,7
2012083,4.21,7
2012084,4.23,7
2012085,4.30,7
2012086,4.33,7
2012087,4.35,7
2012088,4.35,7
2012089,4.33,7
2012090,4.31,7
2012091,4.31,7
2012092,4.22,6
2012093,4.19,6
2012094,4.22,7
2012095,4.21,7
2012096,4.20,7
2012097,4.18,7
2012098,4.13,7
2012099,4.12,7
2012100,4.06,7
2012101,4.05,7
2012102,4.11,7
2012103,4.12,7
2012104,4.18,7
2012105,4.19,7
2012106,4.23,7
2012107,4.31,7
2012108,4.38,7
2012109,4.45,7
2012110,4.50,7
2012111,4.56,7
2012112,4.55,7
2012113,4.54,7
2012114,4.43,7
2012115,4.40,7
2012116,4.38,7
2012117,4.36,7
2012118,4.35,7
2012119,4.31,7
2012120,4.28,7
2012121,4.23,7
2012122,4.22,7
2012123,4.18,7
2012124,4.22,7
2012125,4.22,7
2012126,4.24,7
2012127,4.18,7
2012128,4.20,7
2012129,4.23,7
2012130,4.24,7
2012131,4.26,7
2012132,4.32,7
2012133,4.15,6
2012134,4.10,6
2012135,4.12,6
2012136,4.54,7
2012137,4.58,7
2012138,4.57,7
2012139,4.56,7
2012140,4.55,7
2012141,4.57,7
2012142,4.49,7
2012143,4.44,7
2012144,4.40,7
2012145,4.32,7
2012146,4.32,7
2012147,4.29,7
2012148,4.30,7
2012149,4.30,7
2012150,4.25,7
2012151,4.24,7
2012152,4.25,7
2012153,4.30,7
2012154,4.42,7
2012155,4.50,7
2012156,4.50,7
2012157,4.52,7
2012158,4.54,7
2012159,4.54,7
2012160,4.54,7
2012161,4.57,7
2012162,4.59,7
2012163,4.61,7
2012164,4.62,7
2012165,4.52,7
2012166,4.48,7
2012167,4.48,7
2012168,4.41,7
2012169,4.36,7
2012170,4.23,7
2012171,4.17,7
2012172,4.05,7
2012173,4.00,7
2012174,4.00,7
2012175,3.99,7
2012176,3.98,7
2012177,3.98,7
2012178,4.02,7
2012179,4.11,7
2012180,4.21,7
2012181,4.35,7
2012182,4.38,7
2012183,4.40,7
2012184,4.41,7
2012185,4.39,7
2012186,4.42,7
2012187,4.39,7
2012188,4.49,7
2012189,4.49,7
2012190,4.54,7
2012191,4.59,7
2012192,4.55,7
2012193,4.56,7
2012194,4.55,7
2012195,4.51,7
2012196,4.45,7
2012197,4.36,7
2012198,4.28,7
2012199,4.15,7
2012200,4.01,7
2012201,3.93,7
2012202,3.93,7
2012203,3.94,7
2012204,3.88,7
2012205,3.97,7
2012206,4.03,7
2012207,4.14,7
2012208,4.27,7
2012209,4.38,7
2012210,4.40,7
2012211,4.29,6
2012212,4.30,6
2012213,4.46,7
2012214,4.50,7
2012215,4.57,7
2012216,4.60,7
2012217,4.65,7
2012218,4.63,7
2012219,4.56,7
2012220,4.55,7
2012221,4.52,7
2012222,4.55,7
2012223,4.49,7
2012224,4.42,7
2012225,4.29,7
2012226,4.20,7
2012227,4.11,7
2012228,4.03,7
2012229,4.02,7
2012230,3.95,7
2012231,3.93,7
2012232,3.99,7
2012233,4.02,7
2012234,4.09,7
2012235,4.14,7
2012236,4.23,7
2012237,4.28,7
2012238,4.33,7
2012239,4.40,7
2012240,4.44,7
2012241,4.43,7
2012242,4.22,6
2012243,4.58,7
2012244,4.68,7
2012245,4.72,7
2012246,4.71,7
2012247,4.70,7
2012248,4.67,7
2012249,4.63,7
2012250,4.58,7
2012251,4.48,7
2012252,4.37,7
2012253,4.27,7
2012254,4.19,7
2012255,4.06,7
2012256,4.04,7
2012257,4.01,7
2012258,3.99,7
2012259,4.00,7
2012260,4.03,7
2012261,4.04,7
2012262,4.09,7
2012263,4.20,7
2012264,4.32,7
2012265,4.41,7
2012266,4.55,7
2012267,4.60,7
2012268,4.69,7
2012269,4.77,7
2012270,4.84,7
2012271,4.85,7
2012272,4.83,7
2012273,4.73,7
2012274,4.63,7
2012275,4.54,7
2012276,4.45,7
2012277,4.32,7
2012278,4.25,7
2012279,4.19,7
2012280,4.07,7
2012281,3.58,6
2012282,3.92,7
2012283,3.96,7
2012284,4.00,7
2012285,4.01,7
2012286,4.07,7
2012287,4.08,7
2012288,4.24,7
2012289,4.33,7
2012290,4.51,7
2012291,4.59,7
2012292,4.71,7
2012293,4.79,7
2012294,4.83,7
2012295,4.84,7
2012296,4.78,7
2012297,4.80,7
2012298,4.77,7
2012299,4.66,7
2012300,4.29,6
2012301,4.51,7
2012302,4.37,7
2012303,4.28,7
2012304,4.28,7
2012305,3.95,6
2012306,3.88,6
2012307,3.81,6
2012308,3.78,6
2012309,3.76,6
2012310,3.79,6
2012311,3.73,6
2012312,3.79,6
2012313,3.90,6
2012314,3.91,6
2012315,4.05,6
2012316,4.02,6
2012317,4.23,6
2012318,4.22,6
2012319,4.15,6
2012320,4.55,6
2012321,4.52,6
2012322,4.53,6
2012323,4.52,6
2012324,4.42,6
2012325,4.40,6
2012326,4.31,6
2012327,4.23,6
2012328,4.12,6
2012329,4.00,6
2012330,3.94,6
2012331,3.94,6
2012332,3.85,6
2012333,3.81,6
2012334,3.86,6
2012335,3.77,6
2012336,3.79,6
2012337,3.70,6
2012338,3.76,6
2012339,3.77,6
2012340,3.79,6
2012341,3.83,6
2012342,3.80,6
2012343,3.82,6
2012344,3.87,6
2012345,3.92,6
2012346,3.99,6
2012347,4.38,7
2012348,4.41,7
2012349,4.47,7
2012350,4.46,7
2012351,4.44,7
2012352,4.42,7
2012353,4.37,7
2012354,4.31,7
2012355,4.29,7
2012356,4.28,7
2012357,4.23,7
2012358,4.23,7
2012359,4.15,7
2012360,4.12,7
2012361,4.17,7
2012362,4.14,7
2012363,4.15,7
2012364,4.13,7
2012365,4.13,7
2012366,3.94,6
2013001,4.25,7
2013002,4.30,7
2013003,4.40,7
2013004,4.45,7
2013005,4.46,7
2013006,4.46,7
2013007,4.42,7
2013008,4.53,7
2013009,4.60,7
2013010,4.72,7
2013011,4.70,7
2013012,4.70,7
2013013,4.65,7
2013014,4.63,7
2013015,4.53,7
2013016,4.50,7
2013017,4.43,7
2013018,4.34,7
2013019,4.23,7
2013020,4.14,7
2013021,4.13,7
2013022,4.14,7
2013023,4.17,7
2013024,4.11,7
2013025,4.14,7
2013026,4.17,7
2013027,4.17,7
2013028,4.18,7
2013029,4.15,7
2013030,4.16,7
2013031,4.12,7
2013032,4.08,7
2013033,4.10,7
2013034,4.10,7
2013035,4.16,7
2013036,4.21,7
2013037,4.26,7
2013038,4.32,7
2013039,4.35,7
2013040,4.35,7
2013041,4.31,7
2013042,4.34,7
2013043,4.28,7
2013044,4.27,7
2013045,4.21,7
2013046,4.13,7
2013047,4.11,7
2013048,4.16,7
2013049,4.13,7
2013050,4.22,7
2013051,4.16,7
2013052,4.15,7
2013053,4.08,7
2013054,4.03,7
2013055,4.02,7
2013056,4.02,7
2013057,4.04,7
2013058,4.02,7
2013059,4.01,7
2013060,4.02,7
2013061,4.04,7
2013062,4.19,7
2013063,4.27,7
2013064,4.39,7
2013065,4.44,7
2013066,4.19,6
2013067,4.45,7
2013068,4.44,7
2013069,4.46,7
2013070,4.47,7
2013071,4.49,7
2013072,4.48,7
2013073,4.38,7
2013074,4.35,7
2013075,4.32,7
2013076,3.98,6
2013077,3.87,6
2013078,4.16,7
2013079,4.12,7
2013080,4.09,7
2013081,4.04,7
2013082,4.02,7
2013083,4.01,7
2013084,4.02,7
2013085,4.03,7
2013086,4.01,7
2013087,4.05,7
2013088,4.11,7
2013089,4.17,7
2013090,4.21,7
2013091,4.38,7
2013092,4.43,7
2013093,4.44,7
2013094,4.49,7
2013095,4.55,7
2013096,4.58,7
2013097,4.65,7
2013098,4.67,7
2013099,4.69,7
2013100,4.67,7
2013101,4.58,7
2013102,4.53,7
2013103,4.43,7
2013104,4.37,7
2013105,4.28,7
2013106,4.22,7
2013107,4.17,7
2013108,4.02,7
2013109,3.99,7
2013110,4.01,7
2013111,4.04,7
2013112,4.04,7
2013113,4.07,7
2013114,4.11,7
2013115,4.18,7
2013116,4.24,7
2013117,4.36,7
2013118,4.14,6
2013119,4.59,7
2013120,4.66,7
2013121,4.72,7
2013122,4.69,7
2013123,4.70,7
2013124,4.68,7
2013125,4.66,7
2013126,4.60,7
2013127,4.54,7
2013128,4.46,7
2013129,4.40,7
2013130,4.35,7
2013131,4.32,7
2013132,4.39,7
2013133,4.41,7
2013134,4.47,7
2013135,4.52,7
2013136,4.57,7
2013137,4.58,7
2013138,4.53,7
2013139,4.46,7
2013140,4.41,7
2013141,4.40,7
2013142,4.41,7
2013143,4.41,7
2013144,4.39,7
2013145,4.47,7
2013146,4.48,7
2013147,4.48,7
2013148,4.54,7
2013149,4.55,7
2013150,4.53,7
2013151,4.49,7
2013152,4.44,7
2013153,4.40,7
2013154,4.35,7
2013155,4.32,7
2013156,4.33,7
2013157,4.27,7
2013158,4.27,7
2013159,4.27,7
2013160,4.21,7
2013161,4.25,7
2013162,4.23,7
2013163,4.22,7
2013164,4.22,7
2013165,3.97,6
2013166,4.25,7
2013167,4.33,7
2013168,4.39,7
2013169,4.39,7
2013170,4.40,7
2013171,4.44,7
2013172,4.45,7
2013173,4.48,7
2013174,4.56,7
2013175,4.53,7
2013176,4.42,7
2013177,4.34,7
2013178,4.31,7
2013179,4.27,7
2013180,4.26,7
2013181,4.23,7
2013182,4.21,7
2013183,4.22,7
2013184,3.97,6
2013185,4.28,7
2013186,4.34,7
2013187,4.36,7
2013188,4.39,7
2013189,4.08,6
2013190,4.29,7
2013191,4.27,7
2013192,4.33,7
2013193,4.36,7
2013194,4.34,7
2013195,4.36,7
2013196,4.38,7
2013197,4.15,6
2013198,4.13,6
2013199,4.21,6
2013200,4.17,6
2013201,4.14,6
2013202,4.30,6
2013203,4.18,6
2013204,4.13,6
2013205,4.22,6
2013206,4.05,6
2013207,4.02,6
2013208,3.90,6
2013209,3.90,6
2013210,3.92,6
2013211,3.92,6
2013212,3.89,6
2013213,4.05,6
2013214,4.01,6
2013215,3.95,6
2013216,3.87,6
2013217,3.74,6
2013218,3.76,6
2013219,3.70,6
2013220,3.73,6
2013221,3.69,6
2013222,3.59,6
2013223,3.75,6
2013224,3.62,6
2013225,3.77,6
2013226,3.77,6
2013227,3.92,6
2013228,3.92,6
2013229,4.00,6
2013230,3.96,6
2013231,4.12,6
2013232,4.24,6
2013233,4.11,6
2013234,4.22,6
2013235,4.22,6
2013236,4.06,6
2013237,3.92,6
2013238,3.97,6
2013239,4.00,6
2013240,3.94,6
2013241,4.04,6
2013242,4.01,6
2013243,4.04,6
2013244,3.99,6
2013245,4.03,6
2013246,3.99,6
2013247,4.07,6
2013248,3.94,6
2013249,3.94,6
2013250,3.62,6
2013251,3.80,6
2013252,3.87,6
2013253,3.94,6
2013254,3.77,6
2013255,3.99,6
2013256,3.96,6
2013257,3.92,6
2013258,3.91,6
2013259,3.90,6
2013260,3.78,6
2013261,3.84,6
2013262,3.85,6
2013263,3.81,6
2013264,3.96,6
2013265,4.01,6
2013266,4.04,6
2013267,4.23,6
2013268,4.26,6
2013269,4.15,6
2013270,4.04,6
2013271,3.99,6
2013272,3.92,6
2013273,3.89,6
2013274,3.82,6
2013275,3.78,6
2013276,3.84,6
2013277,3.74,6
2013278,3.71,6
2013279,3.77,6
2013280,3.72,6
2013281,3.81,6
2013282,3.84,6
2013283,3.87,6
2013284,3.96,6
2013285,3.95,6
2013286,3.94,6
2013287,3.84,6
2013288,3.87,6
2013289,3.89,6
2013290,3.77,6
2013291,3.73,6
2013292,3.73,6
2013293,3.87,6
2013294,3.98,6
2013295,4.18,6
2013296,4.21,6
2013297,4.31,6
2013298,4.26,6
2013299,4.22,6
2013300,4.19,6
2013301,4.26,6
2013302,4.14,6
2013303,4.12,6
2013304,4.13,6
2013305,4.13,6
2013306,4.25,6
2013307,4.22,6
2013308,4.22,6
2013309,4.36,6
2013310,4.30,6
2013311,4.21,6
2013312,4.20,6
2013313,4.25,6
2013314,4.00,6
2013315,4.15,6
2013316,4.19,6
2013317,4.14,6
2013318,4.23,6
2013319,4.30,6
2013320,4.34,6
2013321,4.44,6
2013322,4.29,6
2013323,4.34,6
2013324,4.19,6
2013325,4.05,6
2013326,4.01,6
2013327,3.97,6
2013328,3.94,6
2013329,3.83,6
2013330,3.72,6
2013331,3.86,6
2013332,3.81,6
2013333,3.89,6
2013334,3.91,6
2013335,3.96,6
2013336,4.02,6
2013337,3.99,6
2013338,3.97,6
2013339,3.94,6
2013340,4.02,6
2013341,3.99,6
2013342,4.01,6
2013343,4.15,6
2013344,4.23,6
2013345,4.30,6
2013346,4.38,6
2013347,4.38,6
2013348,4.46,6
2013349,4.44,6
2013350,4.46,6
2013351,4.37,6
2013352,4.30,6
2013353,4.11,6
2013354,4.07,6
2013355,3.95,6
2013356,3.84,6
2013357,3.88,6
2013358,3.88,6
2013359,3.77,6
2013360,3.93,6
2013361,3.97,6
2013362,3.89,6
2013363,3.94,6
2013364,3.99,6
2013365,3.90,6